Feb 09, 2018 	23993 	24382 	23360 	24191 	0 	+330.44(+1.38%)
Feb 08, 2018 	24902 	24904 	23849 	23860 	0 	-1032.89(-4.15%)
Feb 07, 2018 	24893 	25294 	24785 	24893 	0 	-19.42(-0.08%)
Feb 06, 2018 	24085 	24946 	23779 	24913 	0 	+325.55(+1.32%)
Feb 05, 2018 	25338 	25520 	23924 	24587 	0 	-933.74(-3.66%)
Feb 02, 2018 	26062 	26062 	25491 	25521 	0 	-665.75(-2.54%)
Feb 01, 2018 	26083 	26307 	26014 	26187 	0 	+37.32(+0.14%)
Jan 31, 2018 	26268 	26338 	26051 	26149 	0 	+72.50(+0.28%)
Jan 30, 2018 	26198 	26243 	26028 	26077 	0 	-362.59(-1.37%)
Jan 29, 2018 	26584 	26609 	26435 	26439 	0 	-177.23(-0.67%)
Jan 26, 2018 	26467 	26617 	26425 	26617 	0 	+223.92(+0.85%)
Jan 25, 2018 	26313 	26458 	26260 	26393 	0 	+140.67(+0.54%)
Jan 24, 2018 	26282 	26393 	26107 	26252 	0 	+41.31(+0.16%)
Jan 23, 2018 	26215 	26246 	26144 	26211 	0 	-3.79(-0.01%)
Jan 22, 2018 	26025 	26215 	25975 	26215 	0 	+142.88(+0.55%)
Jan 19, 2018 	25987 	26072 	25943 	26072 	0 	+53.91(+0.21%)
Jan 18, 2018 	26150 	26153 	25947 	26018 	0 	-97.84(-0.37%)
Jan 17, 2018 	25911 	26130 	25865 	26116 	0 	+322.79(+1.25%)
Jan 16, 2018 	25988 	26075 	25703 	25793 	0 	-10.33(-0.04%)
Jan 12, 2018 	25803 	25803 	25803 	25803 	0 	+228.46(+0.89%)
Jan 11, 2018 	25399 	25575 	25396 	25575 	0 	+205.60(+0.81%)
Jan 10, 2018 	25348 	25405 	25257 	25369 	0 	-16.67(-0.07%)
Jan 09, 2018 	25312 	25440 	25308 	25386 	0 	+102.80(+0.41%)
Jan 08, 2018 	25308 	25312 	25235 	25283 	0 	-12.87(-0.05%)
Jan 05, 2018 	25115 	25300 	25112 	25296 	0 	+220.74(+0.88%)
Jan 04, 2018 	24965 	25106 	24963 	25075 	0 	+152.45(+0.61%)
Jan 03, 2018 	24850 	24942 	24826 	24923 	0 	+98.67(+0.40%)
Jan 02, 2018 	24809 	24863 	24742 	24824 	0 	+104.79(+0.42%)
Dec 29, 2017 	24719 	24719 	24719 	24719 	0 	-120.15(-0.48%)
Dec 28, 2017 	24820 	24845 	24803 	24839 	0 	+65.07(+0.26%)
Dec 27, 2017 	24767 	24790 	24732 	24774 	0 	+28.09(+0.11%)
Dec 26, 2017 	24716 	24778 	24708 	24746 	208,286,634 	-7.85(-0.03%)
Dec 22, 2017 		24754 	24754 	24754 	0 	-28.23(-0.11%)
Dec 21, 2017 	24778 	24851 	24766 	24782 	339,531,731 	+55.64(+0.23%)
Dec 20, 2017 	24838 	24852 	24697 	24727 	341,786,187 	-28.10(-0.11%)
Dec 19, 2017 	24834 	24850 	24716 	24755 	335,329,470 	-37.45(-0.15%)
Dec 18, 2017 	24740 	24876 	24740 	24792 	354,882,350 	+140.46(+0.57%)
Dec 15, 2017 	24586 	24689 	24584 	24652 	635,738,761 	+143.08(+0.58%)
Dec 14, 2017 	24631 	24672 	24509 	24509 	314,779,504 	-76.77(-0.31%)
Dec 13, 2017 	24525 	24666 	24518 	24585 	325,280,821 	+80.63(+0.33%)
Dec 12, 2017 	24453 	24553 	24445 	24505 	342,223,357 	+118.77(+0.49%)
Dec 11, 2017 	24338 	24390 	24315 	24386 	300,583,950 	+56.87(+0.23%)
Dec 08, 2017 	24263 	24330 	24226 	24329 	293,588,460 	+117.68(+0.49%)
Dec 07, 2017 	24117 	24263 	24101 	24211 	319,060,597 	+70.57(+0.29%)
Dec 06, 2017 	24172 	24229 	24134 	24141 	312,724,140 	-39.73(-0.16%)
Dec 05, 2017 	24335 	24350 	24155 	24181 	371,188,931 	-109.41(-0.45%)
Dec 04, 2017 	24424 	24476 	24288 	24290 	424,250,147 	+58.46(+0.24%)
Dec 01, 2017 	24305 	24322 	24021 	24232 	417,906,578 	-40.76(-0.17%)
Nov 30, 2017 	24014 	24328 	24014 	24272 	488,202,965 	+331.67(+1.39%)
Nov 29, 2017 	23883 	23960 	23873 	23941 	401,410,469 	+103.97(+0.44%)
Nov 28, 2017 	23625 	23850 	23617 	23837 	319,237,515 	+255.93(+1.09%)
Nov 27, 2017 	23553 	23632 	23545 	23581 	296,318,453 	+22.79(+0.10%)
Nov 24, 2017 	23553 	23599 	23552 	23558 	118,612,873 	+31.81(+0.14%)
Nov 22, 2017 		23526 	23526 	23526 	0 	-64.65(-0.27%)
Nov 21, 2017 	23500 	23618 	23500 	23591 	329,649,477 	+160.50(+0.69%)
Nov 20, 2017 	23371 	23457 	23361 	23430 	315,328,726 	+72.09(+0.31%)
Nov 17, 2017 	23434 	23434 	23356 	23358 	385,995,445 	-100.12(-0.43%)
Nov 16, 2017 	23365 	23492 	23365 	23458 	402,023,569 	+187.08(+0.80%)
Nov 15, 2017 	23335 	23345 	23243 	23271 	404,296,121 	-138.19(-0.59%)
Nov 14, 2017 	23388 	23414 	23272 	23409 	561,333,670 	-30.23(-0.13%)
Nov 13, 2017 	23367 	23462 	23343 	23440 	491,256,527 	+17.49(+0.07%)
Nov 10, 2017 	23433 	23452 	23393 	23422 	351,276,179 	-39.73(-0.17%)
Nov 09, 2017 	23492 	23517 	23310 	23462 	305,441,240 	-101.42(-0.43%)
Nov 08, 2017 	23543 	23575 	23511 	23563 	264,674,152 	+6.13(+0.03%)
Nov 07, 2017 	23574 	23602 	23484 	23557 	285,084,687 	+8.81(+0.04%)
Nov 06, 2017 	23534 	23575 	23521 	23548 	325,185,312 	+9.23(+0.04%)
Nov 03, 2017 	23550 	23557 	23482 	23539 	312,254,782 	+22.93(+0.10%)
Nov 02, 2017 	23463 	23531 	23351 	23516 	348,039,232 	+81.25(+0.35%)
Nov 01, 2017 	23443 	23518 	23389 	23435 	361,260,772 	+57.77(+0.25%)
Oct 31, 2017 	23369 	23406 	23334 	23377 	388,047,394 	+28.50(+0.12%)
Oct 30, 2017 	23406 	23429 	23328 	23349 	436,898,796 	-85.45(-0.36%)
Oct 27, 2017 	23419 	23449 	23353 	23434 	518,872,825 	+33.33(+0.14%)
Oct 26, 2017 	23381 	23460 	23381 	23401 	370,599,812 	+71.40(+0.31%)
Oct 25, 2017 	23431 	23452 	23251 	23329 	399,559,884 	-112.30(-0.48%)
Oct 24, 2017 	23347 	23485 	23343 	23442 	406,849,657 	+167.80(+0.72%)
Oct 23, 2017 	23349 	23368 	23274 	23274 	456,826,305 	-54.67(-0.23%)
Oct 20, 2017 	23205 	23329 	23202 	23329 	474,384,144 	+165.59(+0.71%)
Oct 19, 2017 	23107 	23167 	23053 	23163 	350,401,742 	+5.44(+0.02%)
Oct 18, 2017 	23087 	23173 	23087 	23158 	271,870,357 	+160.16(+0.70%)
Oct 17, 2017 	22952 	23002 	22948 	22997 	273,086,151 	+40.48(+0.18%)
Oct 16, 2017 	22893 	22960 	22887 	22957 	247,183,989 	+85.24(+0.37%)
Oct 13, 2017 	22876 	22905 	22856 	22872 	259,557,190 	+30.71(+0.13%)
Oct 12, 2017 	22855 	22885 	22821 	22841 	291,787,535 	-31.88(-0.14%)
Oct 11, 2017 	22828 	22873 	22822 	22873 	315,995,141 	+42.21(+0.18%)
Oct 10, 2017 	22785 	22851 	22771 	22831 	319,270,510 	+69.61(+0.31%)
Oct 09, 2017 	22780 	22803 	22740 	22761 	310,766,091 	-12.60(-0.06%)
Oct 06, 2017 	22762 	22774 	22731 	22774 	221,452,360 	-1.72(-0.01%)
Oct 05, 2017 	22669 	22777 	22655 	22775 	246,399,818 	+113.75(+0.50%)
Oct 04, 2017 	22646 	22686 	22633 	22662 	235,729,645 	+19.97(+0.09%)
Oct 03, 2017 	22564 	22646 	22563 	22642 	238,828,932 	+84.07(+0.37%)
Oct 02, 2017 	22423 	22559 	22416 	22558 	268,532,434 	+152.51(+0.68%)
Sep 29, 2017 	22358 	22406 	22334 	22405 	274,792,549 	+23.89(+0.11%)
Sep 28, 2017 	22307 	22395 	22289 	22381 	263,014,914 	+40.49(+0.18%)
Sep 27, 2017 	22331 		22255 	22341 	342,895,412 	+56.39(+0.25%)
Sep 26, 2017 	22322 	22369 	22280 	22284 	285,985,735 	-11.77(-0.05%)
Sep 25, 2017 	22320 	22360 	22219 	22296 	332,434,931 	-53.50(-0.24%)
Sep 22, 2017 	22334 	22364 	22300 	22350 	297,144,434 	-9.64(-0.04%)
Sep 21, 2017 	22414 	22420 	22357 	22359 	287,387,049 	-53.36(-0.24%)
Sep 20, 2017 	22351 	22413 	22315 	22413 	334,556,613 	+41.79(+0.19%)
Sep 19, 2017 	22350 	22386 	22341 	22371 	295,574,117 	+39.45(+0.18%)
Sep 18, 2017 	22298 	22356 	22283 	22331 	302,736,157 	+63.01(+0.28%)
Sep 15, 2017 	22252 	22275 	22215 	22268 	527,542,645 	+64.86(+0.29%)
Sep 14, 2017 	22145 	22216 	22135 	22203 	297,784,942 	+45.30(+0.20%)
Sep 13, 2017 	22103 	22158 	22096 	22158 	291,888,922 	+39.32(+0.18%)
Sep 12, 2017 	22091 	22135 	22087 	22119 	364,578,608 	+61.49(+0.28%)
Sep 11, 2017 	21928 	22067 	21928 	22057 	312,767,595 	+259.58(+1.19%)
Sep 08, 2017 	21764 	21847 	21731 	21798 	289,404,747 	+13.01(+0.06%)
Sep 07, 2017 	21820 	21850 	21746 	21785 	333,813,349 	-22.86(-0.10%)
Sep 06, 2017 	21816 	21849 	21795 	21808 	318,760,497 	+54.33(+0.25%)
Sep 05, 2017 	21912 	21921 	21710 	21753 	332,839,873 	-234.25(-1.07%)
Sep 01, 2017 		21988 	21988 	21988 	0 	+39.46(+0.18%)
Aug 31, 2017 	21936 	21986 	21910 	21948 	376,789,635 	+55.67(+0.25%)
Aug 30, 2017 	21860 	21914 	21839 	21892 	242,838,357 	+27.06(+0.12%)
Aug 29, 2017 	21718 	21879 	21674 	21865 	227,344,772 	+56.97(+0.26%)
Aug 28, 2017 	21832 	21861 	21768 	21808 	218,737,154 	-5.27(-0.02%)
Aug 25, 2017 	21819 	21907 	21783 	21814 	217,565,475 	+30.27(+0.14%)
Aug 24, 2017 	21840 	21870 	21766 	21783 	228,483,511 	-28.69(-0.13%)
Aug 23, 2017 	21850 	21867 	21808 	21812 	234,807,991 	-87.80(-0.40%)
Aug 22, 2017 	21740 	21913 	21738 	21900 	244,978,327 	+196.14(+0.90%)
Aug 21, 2017 	21671 	21719 	21600 	21704 	277,876,084 	+29.24(+0.13%)
Aug 18, 2017 	21725 	21793 	21642 	21675 	309,073,881 	-76.22(-0.35%)
Aug 17, 2017 	21985 	21985 	21750 	21751 	311,028,699 	-274.14(-1.24%)
Aug 16, 2017 	22032 	22086 	22002 	22025 	264,916,452 	+25.88(+0.12%)
Aug 15, 2017 	22030 	22039 	21971 	21999 	269,071,907 	+5.28(+0.02%)
Aug 14, 2017 	21946 	22019 	21946 	21994 	235,030,636 	+135.39(+0.62%)
Aug 11, 2017 	21883 	21911 	21843 	21858 	237,794,973 	+14.31(+0.07%)
Aug 10, 2017 	21988 	21988 	21844 	21844 	303,310,539 	-204.69(-0.93%)
Aug 09, 2017 	22022 	22057 	21997 	22049 	277,800,071 	-36.64(-0.17%)
Aug 08, 2017 	22095 	22179 	22057 	22085 	262,001,939 	-33.08(-0.15%)
Aug 07, 2017 	22100 	22121 	22082 	22118 	213,012,378 	+25.61(+0.12%)
Aug 04, 2017 	22058 	22093 	22025 	22093 	253,635,270 	+66.71(+0.30%)
Aug 03, 2017 	22008 	22045 	21991 	22026 	278,731,064 	+9.86(+0.04%)
Aug 02, 2017 	22004 	22036 	21967 	22016 	336,824,836 	+52.32(+0.24%)
Aug 01, 2017 	21961 	21991 	21941 	21964 	328,405,532 	+72.80(+0.33%)
Jul 31, 2017 	21863 	21930 	21862 	21891 	307,611,007 	+60.81(+0.28%)
Jul 28, 2017 	21788 	21841 	21756 	21830 	285,634,661 	+33.76(+0.15%)
Jul 27, 2017 	21717 	21798 	21688 	21797 	407,321,375 	+85.54(+0.39%)
Jul 26, 2017 	21690 	21743 	21683 	21711 	278,244,555 	+97.58(+0.45%)
Jul 25, 2017 	21639 	21671 	21577 	21613 	304,300,450 	+100.26(+0.47%)
Jul 24, 2017 	21578 	21578 	21496 	21513 	284,080,710 	-66.90(-0.31%)
Jul 21, 2017 	21592 	21593 	21504 	21580 	362,832,271 	-31.71(-0.15%)
Jul 20, 2017 	21642 	21658 	21578 	21612 	313,946,392 	-28.97(-0.13%)
Jul 19, 2017 	21569 	21641 	21566 	21641 	253,038,172 	+66.02(+0.31%)
Jul 18, 2017 	21590 	21590 	21471 	21575 	251,107,175 	-54.99(-0.25%)
Jul 17, 2017 	21634 	21662 	21618 	21630 	244,776,628 	-8.02(-0.04%)
Jul 14, 2017 	21533 	21682 	21522 	21638 	235,590,149 	+84.65(+0.39%)
Jul 13, 2017 	21537 	21569 	21512 	21553 	232,267,736 	+20.95(+0.10%)
Jul 12, 2017 	21468 	21581 	21468 	21532 	267,866,974 	+123.07(+0.57%)
Jul 11, 2017 	21410 	21442 	21279 	21409 	247,569,159 	+0.55(+0.00%)
Jul 10, 2017 	21381 	21446 	21371 	21409 	270,344,074 	-5.82(-0.03%)
Jul 07, 2017 	21355 	21426 	21351 	21414 	242,238,704 	+94.30(+0.44%)
Jul 06, 2017 	21424 	21433 	21305 	21320 	320,449,368 	-158.13(-0.74%)
Jul 05, 2017 	21493 	21505 	21405 	21478 	273,692,983 	-1.10(-0.01%)
Jul 03, 2017 		21479 	21479 	21479 	0 	+129.64(+0.61%)
Jun 30, 2017 	21349 	21426 	21325 	21350 	313,257,748 	+62.60(+0.29%)
Jun 29, 2017 	21487 	21487 	21197 	21287 	336,748,500 	-167.58(-0.78%)
Jun 28, 2017 	21372 	21479 	21372 	21455 	271,510,863 	+143.95(+0.68%)
Jun 27, 2017 	21411 	21441 	21311 	21311 	292,172,136 	-98.89(-0.46%)
Jun 26, 2017 	21435 	21506 	21381 	21410 	241,881,336 	+14.79(+0.07%)
Jun 23, 2017 	21381 	21422 	21334 	21395 	368,402,950 	-2.53(-0.01%)
Jun 22, 2017 	21408 	21456 	21395 	21397 	270,677,267 	-12.74(-0.06%)
Jun 21, 2017 	21466 	21493 	21390 	21410 	292,497,301 	-57.11(-0.27%)
Jun 20, 2017 	21521 	21535 	21464 	21467 	310,195,548 	-61.85(-0.29%)
Jun 19, 2017 	21445 	21529 	21436 	21529 	289,397,979 	+144.71(+0.68%)
Jun 16, 2017 	21336 	21384 	21308 	21384 	603,256,411 	+24.38(+0.11%)
Jun 15, 2017 	21292 	21367 	21262 	21360 	317,198,807 	-14.66(-0.07%)
Jun 14, 2017 	21343 	21392 	21294 	21375 	295,090,639 	+46.09(+0.22%)
Jun 13, 2017 	21257 	21333 	21257 	21328 	323,510,128 	+92.80(+0.44%)
Jun 12, 2017 	21260 	21277 	21186 	21236 	528,076,666 	-36.30(-0.17%)
Jun 09, 2017 	21209 	21305 	21159 	21272 	397,196,391 	+89.44(+0.42%)
Jun 08, 2017 	21170 	21266 	21138 	21183 	330,332,718 	+8.84(+0.04%)
Jun 07, 2017 	21172 	21190 	21113 	21174 	273,397,492 	+37.46(+0.18%)
Jun 06, 2017 	21145 	21180 	21118 	21136 	283,547,160 	-47.81(-0.23%)
Jun 05, 2017 	21195 	21224 	21169 	21184 	269,794,703 	-22.25(-0.10%)
Jun 02, 2017 	21142 	21225 	21130 	21206 	329,700,647 	+62.11(+0.29%)
Jun 01, 2017 	21031 	21144 	20994 	21144 	276,734,620 	+135.53(+0.65%)
May 31, 2017 	21048 	21052 	20943 	21009 	371,582,506 	-20.82(-0.10%)
May 30, 2017 	21045 	21064 	21010 	21029 	242,811,721 	-50.81(-0.24%)
May 26, 2017 		21080 	21080 	21080 	0 	-2.67(-0.01%)
May 25, 2017 	21063 	21112 	21051 	21083 	268,967,152 	+70.53(+0.34%)
May 24, 2017 	20949 	21023 	20934 	21012 	283,176,732 	+74.51(+0.36%)
May 23, 2017 	20909 	20961 	20896 	20938 	244,945,777 	+43.08(+0.21%)
May 22, 2017 	20868 	20914 	20860 	20895 	276,120,670 	+89.99(+0.43%)
May 19, 2017 	20698 	20857 	20688 	20805 	365,183,459 	+141.82(+0.69%)
May 18, 2017 	20580 	20759 	20553 	20663 	422,587,957 	+56.09(+0.27%)
May 17, 2017 	20846 	20846 	20601 	20607 	423,200,628 	-372.82(-1.78%)
May 16, 2017 	20984 	21034 	20933 	20980 	311,580,371 	-2.19(-0.01%)
May 15, 2017 	20924 	21001 	20924 	20982 	313,166,214 	+85.33(+0.41%)
May 12, 2017 	20893 	20916 	20870 	20897 	288,496,256 	-22.81(-0.11%)
May 11, 2017 	20926 	20933 	20799 	20919 	287,684,141 	-23.69(-0.11%)
May 10, 2017 	20958 	20976 	20884 	20943 	283,343,448 	-32.67(-0.16%)
May 09, 2017 	21022 	21047 	20938 	20976 	272,996,639 	-36.50(-0.17%)
May 08, 2017 	20991 	21018 	20971 	21012 	276,147,273 	+5.34(+0.03%)
May 05, 2017 	20929 	21007 	20905 	21007 	260,960,208 	+55.47(+0.26%)
May 04, 2017 	20988 	20991 	20848 	20951 	274,723,570 	-6.43(-0.03%)
May 03, 2017 	20915 	20973 	20874 	20958 	310,921,819 	+8.01(+0.04%)
May 02, 2017 	20941 	20961 	20904 	20950 	338,805,620 	+36.43(+0.17%)
May 01, 2017 	20963 	20977 	20898 	20913 	288,161,243 	-27.05(-0.13%)
Apr 28, 2017 	20987 	20988 	20927 	20941 	329,991,681 	-40.82(-0.19%)
Apr 27, 2017 	20991 	21006 	20936 	20981 	305,685,924 	+6.24(+0.03%)
Apr 26, 2017 	21010 	21071 	20972 	20975 	328,547,690 	-21.03(-0.10%)
Apr 25, 2017 	20916 	21027 	20909 	20996 	348,181,609 	+232.23(+1.12%)
Apr 24, 2017 	20724 	20792 	20724 	20764 	342,395,090 	+216.13(+1.05%)
Apr 21, 2017 	20578 	20601 	20505 	20548 	369,603,079 	-30.95(-0.15%)
Apr 20, 2017 	20407 	20630 	20407 	20579 	312,436,599 	+174.22(+0.85%)
Apr 19, 2017 	20504 	20547 	20380 	20404 	294,789,678 	-118.79(-0.58%)
Apr 18, 2017 	20561 	20600 	20462 	20523 	263,175,454 	-113.64(-0.55%)
Apr 17, 2017 	20485 	20644 	20485 	20637 	229,238,670 	+183.67(+0.90%)
Apr 13, 2017 		20453 	20453 	20453 	0 	-138.61(-0.67%)
Apr 12, 2017 	20638 	20643 	20553 	20592 	267,670,491 	-59.44(-0.29%)
Apr 11, 2017 	20644 	20660 	20513 	20651 	255,119,217 	-6.72(-0.03%)
Apr 10, 2017 	20668 	20750 	20615 	20658 	230,484,918 	+1.92(+0.01%)
Apr 07, 2017 	20648 	20726 	20607 	20656 	219,733,166 	-6.85(-0.03%)
Apr 06, 2017 	20654 	20746 	20612 	20663 	251,718,184 	+14.80(+0.07%)
Apr 05, 2017 	20745 	20888 	20640 	20648 	284,975,999 	-41.09(-0.20%)
Apr 04, 2017 	20635 	20701 	20605 	20689 	237,391,159 	+39.03(+0.19%)
Apr 03, 2017 	20665 	20692 	20518 	20650 	285,674,859 	-13.01(-0.06%)
Mar 31, 2017 	20700 	20723 	20661 	20663 	303,771,035 	-65.27(-0.31%)
Mar 30, 2017 	20663 	20754 	20644 	20728 	270,904,981 	+69.17(+0.33%)
Mar 29, 2017 	20676 	20685 	20625 	20659 	238,322,624 	-42.18(-0.20%)
Mar 28, 2017 	20542 	20736 	20520 	20702 	299,670,679 	+150.52(+0.73%)
Mar 27, 2017 	20488 	20578 	20413 	20551 	269,378,466 	-45.74(-0.22%)
Mar 24, 2017 	20674 	20718 	20530 	20597 	292,981,459 	-59.86(-0.29%)
Mar 23, 2017 	20645 	20758 	20619 	20657 	280,054,429 	-4.72(-0.02%)
Mar 22, 2017 	20640 	20686 	20579 	20661 	325,088,027 	-6.71(-0.03%)
Mar 21, 2017 	20956 	20970 	20653 	20668 	369,322,276 	-237.85(-1.14%)
Mar 20, 2017 	20916 	20955 	20886 	20906 	253,610,274 	-8.76(-0.04%)
Mar 17, 2017 	20965 	20981 	20911 	20915 	535,281,197 	-19.93(-0.10%)
Mar 16, 2017 	20969 	21000 	20894 	20935 	264,362,267 	-15.55(-0.07%)
Mar 15, 2017 	20875 	20977 	20860 	20950 	306,594,235 	+112.73(+0.54%)
Mar 14, 2017 	20849 	20874 	20786 	20837 	246,820,600 	-44.11(-0.21%)
Mar 13, 2017 	20899 	20926 	20846 	20881 	289,262,675 	-21.50(-0.10%)
Mar 10, 2017 	20919 	20940 	20828 	20903 	315,431,244 	+44.79(+0.21%)
Mar 09, 2017 	20864 	20901 	20777 	20858 	275,962,003 	+2.46(+0.01%)
Mar 08, 2017 	20940 	20951 	20836 	20856 	296,781,864 	-69.03(-0.33%)
Mar 07, 2017 	20935 	20971 	20901 	20925 	274,630,207 	-29.58(-0.14%)
Mar 06, 2017 	20956 	20986 	20912 	20954 	266,621,391 	-51.37(-0.24%)
Mar 03, 2017 	21009 	21040 	20954 	21006 	254,422,385 	+2.74(+0.01%)
Mar 02, 2017 	21129 	21129 	20997 	21003 	319,912,399 	-112.58(-0.53%
Feb 28, 2017 	20834 	20841 	20781 	20812 	339,209,839 	-25.20(-0.12%)
Feb 27, 2017 	20809 	20851 	20775 	20837 	256,536,237 	+15.68(+0.08%)
Feb 24, 2017 	20752 	20822 	20734 	20822 	292,539,198 	+11.44(+0.05%)
Feb 23, 2017 	20817 	20841 	20746 	20810 	302,105,606 	+34.72(+0.17%)
Feb 22, 2017 	20715 	20782 	20692 	20776 	310,532,545 	+32.60(+0.16%)
Feb 21, 2017 	20663 	20758 	20663 	20743 	336,880,195 	+118.95(+0.58%)
Feb 17, 2017 		20624 	20624 	20624 	0 	+4.28(+0.02%)
Feb 16, 2017 	20627 	20640 	20557 	20620 	354,119,442 	+7.91(+0.04%)
Feb 15, 2017 	20504 	20620 	20496 	20612 	384,384,845 	+107.45(+0.52%)
Feb 14, 2017 	20374 	20504 	20374 	20504 	356,578,298 	+92.25(+0.45%)
Feb 13, 2017 	20339 	20441 	20323 	20412 	314,624,766 	+142.79(+0.70%)
Feb 10, 2017 	20211 	20298 	20205 	20269 	312,233,293 	+96.97(+0.48%)
Feb 09, 2017 	20062 	20206 	20062 	20172 	325,309,253 	+118.06(+0.59%)
Feb 08, 2017 	20049 	20068 	20015 	20054 	280,406,499 	-35.95(-0.18%)
Feb 07, 2017 	20108 	20155 	20069 	20090 	279,669,308 	+37.87(+0.19%)
Feb 06, 2017 	20026 	20095 	20003 	20052 	281,716,573 	-19.04(-0.09%)
Feb 03, 2017 	19964 	20081 	19964 	20071 	344,216,318 	+186.55(+0.94%)
Feb 02, 2017 	19858 	19923 	19831 	19885 	347,222,149 	-6.03(-0.03%)
Feb 01, 2017 	19924 	19968 	19846 	19891 	426,668,818 	+26.85(+0.14%)
Jan 31, 2017 	19913 	19918 	19785 	19864 	373,747,909 	-107.04(-0.54%)
Jan 30, 2017 	20029 	20029 	19875 	19971 	317,276,407 	-122.65(-0.61%)
Jan 27, 2017 	20103 	20116 	20073 	20094 	343,130,866 	-7.13(-0.04%)
Jan 26, 2017 	20076 	20126 	20068 	20101 	356,733,770 	+32.40(+0.16%)
Jan 25, 2017 	19994 	20082 	19994 	20069 	372,239,914 	+155.80(+0.78%)
Jan 24, 2017 	19795 	19949 	19787 	19913 	374,458,880 	+112.86(+0.57%)
Jan 23, 2017 	19795 	19834 	19732 	19800 	326,685,552 	-27.40(-0.14%)
Jan 20, 2017 	19795 	19844 	19759 	19827 	435,257,163 	+94.85(+0.48%)
Jan 19, 2017 	19814 	19824 	19678 	19732 	301,754,396 	-72.32(-0.37%)
Jan 18, 2017 	19823 	19828 	19739 	19805 	279,759,016 	-22.05(-0.11%)
Jan 17, 2017 	19849 	19883 	19775 	19827 	341,900,421 	-58.96(-0.30%)
Jan 13, 2017 		19886 	19886 	19886 	0 	-5.27(-0.03%)
Jan 12, 2017 	19926 	19929 	19770 	19891 	306,287,388 	-63.28(-0.32%)
Jan 11, 2017 	19887 	19973 	19833 	19954 	336,148,968 	+98.75(+0.50%)
Jan 10, 2017 	19876 	19957 	19836 	19856 	299,408,292 	-31.85(-0.16%)
Jan 09, 2017 	19931 	19944 	19887 	19887 	287,505,462 	-76.42(-0.38%)
Jan 06, 2017 	19907 	20000 	19834 	19964 	277,701,805 	+64.51(+0.32%)
Jan 05, 2017 	19925 	19949 	19811 	19899 	269,920,430 	-42.87(-0.21%)
Jan 04, 2017 	19891 	19956 	19879 	19942 	280,005,720 	+60.40(+0.30%)
Jan 03, 2017 	19873 	19939 	19776 	19882 	339,176,105 	+119.16(+0.60%)
Dec 30, 2016 		19763 	19763 	19763 	0 	-57.18(-0.29%)
Dec 29, 2016 	19835 	19878 	19789 	19820 	172,038,812 	-13.90(-0.07%)
Dec 28, 2016 	19964 	19981 	19827 	19834 	188,346,538 	-111.36(-0.56%)
Dec 27, 2016 	19943 	19980 	19940 	19945 	158,540,483 	+11.23(+0.06%)
Dec 23, 2016 		19934 	19934 	19934 	0 	+14.93(+0.07%)
Dec 22, 2016 	19923 	19934 	19882 	19919 	258,294,469 	-23.08(-0.12%)
Dec 21, 2016 	19969 	19987 	19942 	19942 	256,639,155 	-32.66(-0.16%)
Dec 20, 2016 	19921 	19988 	19920 	19975 	284,080,154 	+91.56(+0.46%)
Dec 19, 2016 	19837 	19918 	19833 	19883 	302,308,510 	+39.65(+0.20%)
Dec 16, 2016 	19909 	19923 	19821 	19843 	573,469,787 	-8.83(-0.04%)
Dec 15, 2016 	19812 	19951 	19812 	19852 	357,349,616 	+59.71(+0.30%)
Dec 14, 2016 	19876 	19966 	19749 	19793 	408,432,850 	-118.68(-0.60%)
Dec 13, 2016 	19852 	19954 	19846 	19911 	388,415,682 	+114.78(+0.58%)
Dec 12, 2016 	19770 	19825 	19748 	19796 	333,658,392 	+39.58(+0.20%)
Dec 09, 2016 	19631 	19758 	19623 	19757 	334,466,961 	+142.04(+0.72%)
Dec 08, 2016 	19560 	19665 	19528 	19615 	324,570,856 	+65.19(+0.33%)
Dec 07, 2016 	19242 	19558 	19230 	19550 	385,199,821 	+297.84(+1.55%)
Dec 06, 2016 	19220 	19256 	19185 	19252 	284,956,633 	+35.54(+0.18%)
Dec 05, 2016 	19244 	19275 	19187 	19216 	317,801,044 	+45.82(+0.24%)
Dec 02, 2016 	19161 	19196 	19141 	19170 	84,921,758 	-21.51(-0.11%)
Dec 01, 2016 	19149 	19214 	19139 	19192 	108,803,146 	+68.35(+0.36%)
Nov 30, 2016 	19136 	19225 	19123 	19124 	164,573,915 	+1.98(+0.01%)
Nov 29, 2016 	19064 	19144 	19062 	19122 	81,510,739 	+23.70(+0.12%)
Nov 28, 2016 	19122 	19139 	19072 	19098 	88,461,256 	-54.24(-0.28%)
Nov 25, 2016 	19094 	19152 	19094 	19152 	45,889,433 	+68.96(+0.36%)
Nov 23, 2016 		19083 	19083 	19083 	0 	+59.31(+0.31%)
Nov 22, 2016 	18970 	19044 	18963 	19024 	85,308,309 	+67.18(+0.35%)
Nov 21, 2016 	18899 	18961 	18883 	18957 	80,520,707 	+88.76(+0.47%)
Nov 18, 2016 	18905 	18916 	18854 	18868 	109,880,725 	-35.89(-0.19%)
Nov 17, 2016 	18866 	18904 	18845 	18904 	89,936,070 	+35.68(+0.19%)
Nov 16, 2016 	18910 	18910 	18826 	18868 	87,315,034 	-54.92(-0.29%)
Nov 15, 2016 	18858 	18925 	18806 	18923 	100,659,335 	+54.37(+0.29%)
Nov 14, 2016 	18877 	18934 	18816 	18869 	112,252,186 	+21.03(+0.11%)
Nov 11, 2016 	18782 	18856 	18737 	18848 	107,298,169 	+39.78(+0.21%)
Nov 10, 2016 	18603 	18874 	18590 	18808 	164,388,144 	+218.19(+1.17%)
Nov 09, 2016 	18317 	18650 	18253 	18590 	173,105,899 	+256.95(+1.40%)
Nov 08, 2016 	18251 	18400 	18201 	18333 	79,824,161 	+73.14(+0.40%)
Nov 07, 2016 	17995 	18263 	17995 	18260 	93,450,501 	+371.32(+2.08%)
Nov 04, 2016 	17928 	17987 	17884 	17888 	97,757,491 	-42.39(-0.24%)
Nov 03, 2016 	17979 	18007 	17904 	17931 	77,856,619 	-28.97(-0.16%)
Nov 02, 2016 	18018 	18044 	17932 	17960 	88,608,471 	-77.46(-0.43%)
Nov 01, 2016 	18158 	18177 	17941 	18037 	101,279,539 	-105.32(-0.58%)
Oct 31, 2016 	18177 	18194 	18131 	18142 	110,083,015 	-18.77(-0.10%)
Oct 28, 2016 	18194 	18257 	18095 	18161 	107,846,120 	-8.49(-0.05%)
Oct 27, 2016 	18235 	18253 	18149 	18170 	83,534,248 	-29.65(-0.16%)
Oct 26, 2016 	18104 	18236 	18062 	18199 	86,335,851 	+30.06(+0.17%)
Oct 25, 2016 	18207 	18242 	18152 	18169 	83,193,208 	-53.76(-0.30%)
Oct 24, 2016 	18197 	18275 	18191 	18223 	88,549,048 	+77.32(+0.43%)
Oct 21, 2016 	18153 	18169 	18050 	18146 	117,821,045 	-16.64(-0.09%)
Oct 20, 2016 	18162 	18249 	18129 	18162 	88,833,880 	-40.27(-0.22%)
Oct 19, 2016 	18178 	18252 	18169 	18203 	88,043,000 	+40.68(+0.22%)
Oct 18, 2016 	18145 	18226 	18129 	18162 	74,800,254 	+75.54(+0.42%)
Oct 17, 2016 	18136 	18162 	18063 	18086 	75,964,284 	-51.98(-0.29%)
Oct 14, 2016 	18177 	18261 	18138 	18138 	87,051,703 	+39.44(+0.22%)
Oct 13, 2016 	18088 	18138 	17960 	18099 	83,156,719 	-45.26(-0.25%)
Oct 12, 2016 	18133 	18194 	18082 	18144 	72,231,546 	+15.54(+0.09%)
Oct 11, 2016 	18308 	18312 	18062 	18129 	88,614,060 	-200.38(-1.09%)
Oct 10, 2016 	18283 	18400 	18283 	18329 	72,106,841 	+88.55(+0.49%)
Oct 07, 2016 	18295 	18320 	18149 	18240 	82,681,278 	-28.01(-0.15%)
Oct 06, 2016 	18280 	18288 	18163 	18268 	78,655,567 	-12.53(-0.07%)
Oct 05, 2016 	18206 	18316 	18206 	18281 	76,186,997 	+112.58(+0.62%)
Oct 04, 2016 	18268 	18314 	18116 	18168 	79,705,830 	-85.40(-0.47%)
Oct 03, 2016 	18280 	18280 	18204 	18254 	68,514,587 	-54.30(-0.30%)
Sep 30, 2016 	18182 	18370 	18182 	18308 	135,451,759 	+164.70(+0.91%)
Sep 29, 2016 	18323 	18366 	18092 	18143 	95,882,328 	-195.79(-1.07%)
Sep 28, 2016 	18240 	18350 	18179 	18339 	97,652,998 	+110.94(+0.61%)
Sep 27, 2016 	18099 	18238 	18052 	18228 	84,125,284 	+133.47(+0.74%)
Sep 26, 2016 	18218 	18218 	18083 	18095 	95,512,548 	-166.62(-0.91%)
Sep 23, 2016 	18377 	18384 	18255 	18261 	87,179,212 	-131.01(-0.71%)
Sep 22, 2016 	18344 	18450 	18344 	18392 	73,029,438 	+98.76(+0.54%)
Sep 21, 2016 	18165 	18307 	18122 	18294 	94,101,686 	+163.74(+0.90%)
Sep 20, 2016 	18175 	18227 	18129 	18130 	72,454,649 	+9.79(+0.05%)
Sep 19, 2016 	18155 	18255 	18093 	18120 	78,088,968 	-3.63(-0.02%)
Sep 16, 2016 	18217 	18217 	18070 	18124 	278,535,026 	-88.68(-0.49%)
Sep 15, 2016 	18025 	18250 	18015 	18212 	99,564,284 	+177.71(+0.99%)
Sep 14, 2016 	18073 	18163 	17992 	18035 	103,364,109 	-31.98(-0.18%)
Sep 13, 2016 	18263 	18263 	18028 	18067 	102,831,049 	-258.32(-1.41%)
Sep 12, 2016 	18029 	18359 	17995 	18325 	103,256,877 	+239.62(+1.32%)
Sep 09, 2016 	18404 	18404 	18085 	18085 	120,672,714 	-394.46(-2.13%)
Sep 08, 2016 	18487 	18506 	18447 	18480 	79,063,230 	-46.23(-0.25%)
Sep 07, 2016 	18528 	18537 	18475 	18526 	67,569,967 	-11.98(-0.06%)
Sep 06, 2016 	18493 	18552 	18450 	18538 	83,711,547 	+46.16(+0.25%)
Sep 02, 2016 	18466 	18492 	18492 	18492 	74,350,000 	+72.66(+0.39%)
Sep 01, 2016 	18397 	18430 	18295 	18419 	74,784,295 	+18.42(+0.10%)
Aug 31, 2016 	18437 	18440 	18334 	18401 	98,252,985 	-53.42(-0.29%)
Aug 30, 2016 	18491 	18514 	18409 	18454 	68,916,111 	-48.69(-0.26%)
Aug 29, 2016 	18421 	18523 	18420 	18503 	64,482,006 	+107.59(+0.58%)
Aug 26, 2016 	18468 	18569 	18335 	18395 	78,727,278 	-53.01(-0.29%)
Aug 25, 2016 	18471 	18498 	18431 	18448 	64,480,387 	-33.07(-0.18%)
Aug 24, 2016 	18538 	18539 	18448 	18481 	72,267,424 	-65.82(-0.35%)
Aug 23, 2016 	18569 	18632 	18546 	18547 	73,988,081 	+17.88(+0.10%)
Aug 22, 2016 	18536 	18571 	18467 	18529 	73,454,184 	-23.15(-0.12%)
Aug 19, 2016 	18585 	18585 	18491 	18553 	93,166,745 	-45.13(-0.24%)
Aug 18, 2016 	18567 	18601 	18533 	18598 	70,743,759 	+23.76(+0.13%)
Aug 17, 2016 	18537 	18582 	18469 	18574 	71,001,423 	+21.92(+0.12%)
Aug 16, 2016 	18614 	18615 	18551 	18552 	67,565,352 	-84.03(-0.45%)
Aug 15, 2016 	18589 	18668 	18589 	18636 	62,353,887 	+59.58(+0.32%)
Aug 12, 2016 	18596 	18606 	18536 	18576 	61,582,656 	-37.05(-0.20%)
Aug 11, 2016 	18519 	18638 	18519 	18614 	71,473,111 	+117.86(+0.64%)
Aug 10, 2016 	18541 	18562 	18469 	18496 	62,778,145 	-37.39(-0.20%)
Aug 09, 2016 	18538 	18585 	18508 	18533 	60,091,028 	+3.76(+0.02%)
Aug 08, 2016 	18541 	18569 	18502 	18529 	71,807,582 	-14.24(-0.08%)
Aug 05, 2016 	18403 	18544 	18403 	18544 	92,420,535 	+191.48(+1.04%)
Aug 04, 2016 	18351 	18398 	18325 	18352 	64,502,073 	-2.95(-0.02%)
Aug 03, 2016 	18313 	18355 	18283 	18355 	78,553,906 	+41.23(+0.23%)
Aug 02, 2016 	18401 	18404 	18248 	18314 	89,682,843 	-90.74(-0.49%)
Aug 01, 2016 	18434 	18467 	18356 	18405 	83,472,994 	-27.73(-0.15%)
Jul 29, 2016 	18443 	18467 	18371 	18432 	111,551,044 	-24.11(-0.13%)
Jul 28, 2016 	18461 	18483 	18369 	18456 	85,748,793 	-15.82(-0.09%)
Jul 27, 2016 	18473 	18542 	18431 	18472 	111,368,134 	-1.58(-0.01%)
Jul 26, 2016 	18497 	18522 	18387 	18474 	85,368,416 	-19.31(-0.10%)
Jul 25, 2016 	18554 	18556 	18453 	18493 	76,807,470 	-77.79(-0.42%)
Jul 22, 2016 	18524 	18571 	18492 	18571 	87,706,622 	+53.62(+0.29%)
Jul 21, 2016 	18590 	18590 	18470 	18517 	86,803,016 	-77.80(-0.42%)
Jul 20, 2016 	18583 	18622 	18556 	18595 	93,233,337 	+36.02(+0.19%)
Jul 19, 2016 	18503 	18563 	18495 	18559 	85,840,786 	+25.96(+0.14%)
Jul 18, 2016 	18522 	18556 	18490 	18533 	75,539,811 	+16.50(+0.09%)
Jul 15, 2016 	18509 	18557 	18472 	18517 	123,686,021 	+10.14(+0.05%)
Jul 14, 2016 	18414 	18538 	18414 	18506 	87,053,477 	+134.29(+0.73%)
Jul 13, 2016 	18357 	18390 	18316 	18372 	80,917,455 	+24.45(+0.13%)
Jul 12, 2016 	18259 	18372 	18259 	18348 	90,213,435 	+120.74(+0.66%)
Jul 11, 2016 	18162 	18284 	18162 	18227 	80,881,980 	+80.19(+0.44%)
Jul 08, 2016 	17971 	18167 	17896 	18147 	93,462,025 	+250.86(+1.40%)
Jul 07, 2016 	17924 	17985 	17817 	17896 	81,574,932 	+55.26(+0.31%)
Jul 05, 2016 	17904 	17904 	17785 	17841 	103,671,031 	-108.75(-0.61%)
Jul 01, 2016 	17924 	17949 	17949 	17949 	82,160,000 	+19.38(+0.11%)
Jun 30, 2016 	17713 	17931 	17712 	17930 	133,029,369 	+235.31(+1.33%)
Jun 29, 2016 	17456 	17705 	17456 	17695 	106,375,595 	+284.96(+1.64%)
Jun 28, 2016 	17191 	17410 	17191 	17410 	112,190,019 	+269.48(+1.57%)
Jun 27, 2016 	17355 	17355 	17063 	17140 	138,739,383 	-260.51(-1.50%)
Jun 24, 2016 	17947 	17947 	17356 	17401 	239,001,058 	-610.32(-3.39%)
Jun 23, 2016 	17844 	18011 	17844 	18011 	98,106,567 	+230.24(+1.29%)
Jun 22, 2016 	17833 	17920 	17770 	17781 	89,435,200 	-48.90(-0.27%)
Jun 21, 2016 	17827 	17878 	17800 	17830 	85,140,235 	+24.86(+0.14%)
Jun 20, 2016 	17737 	17946 	17737 	17805 	99,383,801 	+129.71(+0.73%)
Jun 17, 2016 	17733 	17733 	17603 	17675 	248,683,351 	-57.94(-0.33%)
Jun 16, 2016 	17602 	17755 	17471 	17733 	91,949,268 	+92.93(+0.53%)
Jun 15, 2016 	17704 	17763 	17629 	17640 	94,128,197 	-34.65(-0.20%)
Jun 14, 2016 	17711 	17734 	17596 	17675 	93,741,297 	-57.66(-0.33%)
Jun 13, 2016 	17830 	17893 	17731 	17732 	101,687,939 	-132.86(-0.74%)
Jun 10, 2016 	17939 	17939 	17812 	17865 	90,540,958 	-119.85(-0.67%)
Jun 09, 2016 	17970 	18005 	17916 	17985 	69,686,132 	-19.86(-0.11%)
Jun 08, 2016 	17932 	18016 	17932 	18005 	71,255,734 	+66.77(+0.37%)
Jun 07, 2016 	17936 	18003 	17936 	17938 	78,749,105 	+17.95(+0.10%)
Jun 06, 2016 	17826 	17950 	17823 	17920 	71,870,483 	+113.27(+0.64%)
Jun 03, 2016 	17800 	17833 	17691 	17807 	82,279,069 	-31.50(-0.18%)
Jun 02, 2016 	17789 	17839 	17704 	17839 	75,559,771 	+48.89(+0.27%)
Jun 01, 2016 	17755 	17809 	17665 	17790 	78,529,032 	+2.47(+0.01%)
May 31, 2016 	17892 	17898 	17724 	17787 	147,388,862 	-86.02(-0.48%)
May 27, 2016 	17827 	17873 	17873 	17873 	73,190,000 	+44.93(+0.25%)
May 26, 2016 	17860 	17889 	17804 	17828 	68,937,576 	-23.22(-0.13%)
May 25, 2016 	17735 	17892 	17735 	17852 	79,182,001 	+145.46(+0.82%)
May 24, 2016 	17525 	17743 	17525 	17706 	86,476,237 	+213.12(+1.22%)
May 23, 2016 	17507 	17551 	17480 	17493 	87,791,473 	-8.01(-0.05%)
May 20, 2016 	17437 	17572 	17437 	17501 	111,997,733 	+65.54(+0.38%)
May 19, 2016 	17514 	17514 	17331 	17435 	95,531,591 	-91.22(-0.52%)
May 18, 2016 	17501 	17636 	17418 	17527 	79,115,798 	-3.36(-0.02%)
May 17, 2016 	17701 	17701 	17470 	17530 	103,255,446 	-180.73(-1.02%)
May 16, 2016 	17532 	17756 	17532 	17711 	88,438,989 	+175.39(+1.00%)
May 13, 2016 	17711 	17735 	17512 	17535 	86,647,841 	-185.18(-1.05%)
May 12, 2016 	17722 	17798 	17625 	17720 	88,564,875 	+9.38(+0.05%)
May 11, 2016 	17919 	17919 	17711 	17711 	87,388,117 	-217.23(-1.21%)
May 10, 2016 	17727 	17935 	17727 	17928 	75,792,952 	+222.44(+1.26%)
May 09, 2016 	17744 	17783 	17668 	17706 	85,591,026 	-34.72(-0.20%)
May 06, 2016 	17650 	17745 	17580 	17741 	80,024,237 	+79.92(+0.45%)
May 05, 2016 	17664 	17736 	17616 	17661 	81,533,261 	+9.45(+0.05%)
May 04, 2016 	17735 	17738 	17609 	17651 	95,018,762 	-99.65(-0.56%)
May 03, 2016 	17871 	17871 	17671 	17751 	97,064,778 	-140.25(-0.78%)
May 02, 2016 	17784 	17912 	17774 	17891 	80,100,024 	+117.52(+0.66%)
Apr 29, 2016 	17813 	17815 	17652 	17774 	136,672,463 	-57.12(-0.32%)
Apr 28, 2016 	18024 	18036 	17797 	17831 	100,920,371 	-210.79(-1.17%)
Apr 27, 2016 	17996 	18085 	17920 	18042 	109,091,285 	+51.23(+0.28%)
Apr 26, 2016 	17987 	18044 	17934 	17990 	92,565,933 	+13.08(+0.07%)
Apr 25, 2016 	17991 	17991 	17856 	17977 	83,767,828 	-26.51(-0.15%)
Apr 22, 2016 	17985 	18027 	17910 	18004 	134,118,443 	+21.23(+0.12%)
Apr 21, 2016 	18093 	18107 	17964 	17983 	102,715,363 	-113.75(-0.63%)
Apr 20, 2016 	18059 	18168 	18031 	18096 	100,207,803 	+42.67(+0.24%)
Apr 19, 2016 	18012 	18103 	17984 	18054 	89,821,716 	+49.44(+0.27%)
Apr 18, 2016 	17890 	18010 	17848 	18004 	89,394,009 	+106.70(+0.60%)
Apr 15, 2016 	17926 	17938 	17867 	17897 	118,161,943 	-28.97(-0.16%)
Apr 14, 2016 	17912 	17962 	17885 	17926 	84,513,594 	+18.15(+0.10%)
Apr 13, 2016 	17742 	17918 	17742 	17908 	91,710,395 	+187.03(+1.06%)
Apr 12, 2016 	17571 	17744 	17554 	17721 	81,015,066 	+164.84(+0.94%)
Apr 11, 2016 	17586 	17732 	17556 	17556 	107,095,331 	-20.55(-0.12%)
Apr 08, 2016 	17555 	17695 	17528 	17577 	79,990,965 	+35.00(+0.20%)
Apr 07, 2016 	17687 	17687 	17484 	17542 	90,115,570 	-174.09(-0.98%)
Apr 06, 2016 	17605 	17724 	17543 	17716 	99,410,366 	+112.73(+0.64%)
Apr 05, 2016 	17718 	17718 	17580 	17603 	115,225,782 	-133.68(-0.75%)
Apr 04, 2016 	17799 	17806 	17711 	17737 	85,227,080 	-55.75(-0.31%)
Apr 01, 2016 	17662 	17811 	17568 	17793 	104,893,369 	+107.66(+0.61%)
Mar 31, 2016 	17716 	17756 	17670 	17685 	102,597,428 	-31.57(-0.18%)
Mar 30, 2016 	17652 	17790 	17652 	17717 	79,329,488 	+83.55(+0.47%)
Mar 29, 2016 	17513 	17643 	17434 	17633 	86,161,216 	+97.72(+0.56%)
Mar 28, 2016 	17526 	17584 	17493 	17535 	70,460,933 	+19.66(+0.11%)
Mar 24, 2016 	17485 	17516 	17516 	17516 	84,100,000 	+13.14(+0.08%)
Mar 23, 2016 	17589 	17589 	17486 	17503 	84,235,814 	-79.98(-0.45%)
Mar 22, 2016 	17603 	17649 	17540 	17583 	95,450,320 	-41.30(-0.23%)
Mar 21, 2016 	17590 	17645 	17551 	17624 	84,406,417 	+21.57(+0.12%)
Mar 18, 2016 	17481 	17621 	17481 	17602 	321,227,091 	+120.81(+0.69%)
Mar 17, 2016 	17321 	17529 	17298 	17481 	117,988,291 	+155.73(+0.90%)
Mar 16, 2016 	17249 	17379 	17204 	17326 	118,709,760 	+74.23(+0.43%)
Mar 15, 2016 	17217 	17252 	17120 	17252 	92,828,503 	+22.40(+0.13%)
Mar 14, 2016 	17207 	17275 	17161 	17229 	96,347,623 	+15.82(+0.09%)
Mar 11, 2016 	17015 	17220 	17015 	17213 	123,430,760 	+218.18(+1.28%)
Mar 10, 2016 	17006 	17130 	16822 	16995 	117,568,059 	-5.23(-0.03%)
Mar 09, 2016 	16969 	17048 	16948 	17000 	116,694,387 	+36.26(+0.21%)
Mar 08, 2016 	17051 	17073 	16922 	16964 	108,381,315 	-109.85(-0.64%)
Mar 07, 2016 	16991 	17099 	16940 	17074 	100,291,898 	+67.18(+0.40%)
Mar 04, 2016 	16945 	17062 	16899 	17007 	106,910,058 	+62.87(+0.37%)
Mar 03, 2016 	16896 	16944 	16821 	16944 	91,113,445 	+44.58(+0.26%)
Mar 02, 2016 	16851 	16900 	16769 	16899 	104,470,676 	+34.24(+0.20%)
Feb 29, 2016 	16634 	16726 	16510 	16516 	126,217,631 	-123.47(-0.74%)
Feb 26, 2016 	16713 	16796 	16624 	16640 	98,482,657 	-57.32(-0.34%)
Feb 25, 2016 	16504 	16698 	16458 	16697 	94,121,294 	+212.30(+1.29%)
Feb 24, 2016 	16419 	16507 	16166 	16485 	93,621,463 	+53.21(+0.32%)
Feb 23, 2016 	16610 	16610 	16404 	16432 	98,167,260 	-188.88(-1.14%)
Feb 22, 2016 	16417 	16664 	16417 	16621 	102,238,512 	+228.67(+1.40%)
Feb 19, 2016 	16411 	16411 	16278 	16392 	134,344,283 	-21.44(-0.13%)
Feb 18, 2016 	16484 	16512 	16390 	16413 	104,951,345 	-40.40(-0.25%)
Feb 17, 2016 	16218 	16486 	16218 	16454 	124,084,889 	+257.42(+1.59%)
Feb 16, 2016 	16012 	16196 	16012 	16196 	142,030,809 	+222.57(+1.39%)
Feb 12, 2016 	15692 	15974 	15974 	15974 	132,550,000 	+313.66(+2.00%)
Feb 11, 2016 	15898 	15898 	15503 	15660 	172,067,614 	-254.56(-1.60%)
Feb 10, 2016 	16036 	16202 	15900 	15915 	122,288,310 	-99.64(-0.62%)
Feb 09, 2016 	16005 	16137 	15881 	16014 	127,739,705 	-12.67(-0.08%)
Feb 08, 2016 	16148 	16148 	15804 	16027 	165,875,013 	-177.92(-1.10%)
Feb 05, 2016 	16418 	16424 	16130 	16205 	139,012,378 	-211.61(-1.29%)
Feb 04, 2016 	16330 	16486 	16266 	16417 	131,489,498 	+79.92(+0.49%)
Feb 03, 2016 	16186 	16382 	15961 	16337 	141,866,113 	+183.12(+1.13%)
Feb 02, 2016 	16420 	16420 	16108 	16154 	126,211,454 	-295.64(-1.80%)
Feb 01, 2016 	16454 	16511 	16299 	16449 	114,454,086 	-17.12(-0.10%)
Jan 29, 2016 	16090 	16466 	16090 	16466 	217,940,374 	+396.66(+2.47%)
Jan 28, 2016 	15960 	16102 	15868 	16070 	130,122,469 	+125.18(+0.79%)
Jan 27, 2016 	16169 	16235 	15878 	15944 	138,347,404 	-222.77(-1.38%)
Jan 26, 2016 	15893 	16186 	15893 	16167 	118,211,872 	+282.01(+1.78%)
Jan 25, 2016 	16086 	16086 	15880 	15885 	123,247,954 	-208.29(-1.29%)
Jan 22, 2016 	15921 	16137 	15921 	16094 	145,854,861 	+210.83(+1.33%)
Jan 21, 2016 	15769 	16039 	15705 	15883 	145,135,421 	+115.94(+0.74%)
Jan 20, 2016 	15989 	15989 	15451 	15767 	191,867,641 	-249.28(-1.56%)
Jan 19, 2016 	16009 	16172 	15900 	16016 	144,362,058 	+27.94(+0.17%)
Jan 15, 2016 	16354 	15988 	15988 	15988 	239,210,000 	-390.97(-2.39%)
Jan 14, 2016 	16159 	16482 	16075 	16379 	158,825,189 	+227.64(+1.41%)
Jan 13, 2016 	16527 	16594 	16123 	16151 	153,525,112 	-364.81(-2.21%)
Jan 12, 2016 	16419 	16591 	16322 	16516 	117,479,864 	+117.65(+0.72%)
Jan 11, 2016 	16359 	16462 	16232 	16399 	127,794,607 	+52.12(+0.32%)
Jan 08, 2016 	16519 	16652 	16315 	16346 	141,847,911 	-167.65(-1.02%)
Jan 07, 2016 	16888 	16888 	16464 	16514 	176,242,757 	-392.41(-2.32%)
Jan 06, 2016 	17155 	17155 	16818 	16907 	120,252,177 	-252.15(-1.47%)
Jan 05, 2016 	17148 	17195 	17039 	17159 	105,746,626 	+9.72(+0.06%)
Jan 04, 2016 	17405 	17405 	16958 	17149 	148,055,465 	-276.09(-1.58%)
Dec 31, 2015 	17591 	17425 	17425 	17425 	93,690,000 	-178.84(-1.02%)
Dec 30, 2015 	17712 	17714 	17589 	17604 	59,761,009 	-117.11(-0.66%)
Dec 29, 2015 	17547 	17750 	17547 	17721 	69,856,581 	+192.71(+1.10%)
Dec 28, 2015 	17536 	17537 	17437 	17528 	59,765,861 	-23.90(-0.14%)
Dec 24, 2015 	17593 	17552 	17552 	17552 	40,350,000 	-50.44(-0.29%)
Dec 23, 2015 	17428 	17608 	17428 	17603 	92,819,617 	+185.34(+1.06%)
Dec 22, 2015 	17254 	17451 	17243 	17417 	91,571,681 	+165.65(+0.96%)
Dec 21, 2015 	17155 	17272 	17117 	17252 	114,909,075 	+123.07(+0.72%)
Dec 18, 2015 	17495 	17497 	17124 	17129 	344,564,786 	-367.29(-2.10%)
Dec 17, 2015 	17757 	17797 	17494 	17496 	115,776,333 	-253.25(-1.43%)
Dec 16, 2015 	17531 	17784 	17484 	17749 	123,788,403 	+224.18(+1.28%)
Dec 15, 2015 	17375 	17628 	17341 	17525 	123,427,211 	+156.41(+0.90%)
Dec 14, 2015 	17277 	17378 	17138 	17368 	142,538,435 	+103.29(+0.60%)
Dec 11, 2015 	17575 	17575 	17230 	17265 	134,509,835 	-309.54(-1.76%)
Dec 10, 2015 	17493 	17698 	17475 	17575 	107,308,171 	+82.45(+0.47%)
Dec 09, 2015 	17558 	17768 	17404 	17492 	122,016,906 	-75.70(-0.43%)
Dec 08, 2015 	17704 	17704 	17485 	17568 	113,716,403 	-162.51(-0.92%)
Dec 07, 2015 	17845 	17845 	17639 	17731 	99,671,244 	-117.12(-0.66%)
Dec 04, 2015 	17483 	17866 	17483 	17848 	137,645,845 	+369.96(+2.12%)
Dec 03, 2015 	17742 	17781 	17426 	17478 	126,987,360 	-252.01(-1.42%)
Dec 02, 2015 	17883 	17902 	17708 	17730 	102,859,521 	-158.67(-0.89%)
Dec 01, 2015 	17720 	17896 	17720 	17888 	103,876,989 	+168.43(+0.95%)
Nov 30, 2015 	17803 	17837 	17720 	17720 	155,559,407 	-78.57(-0.44%)
Nov 27, 2015 	17806 	17830 	17749 	17798 	46,819,238 	-14.90(-0.08%)
Nov 25, 2015 	17821 	17813 	17813 	17813 	82,540,000 	+1.20(+0.01%)
Nov 24, 2015 	17771 	17863 	17684 	17812 	127,172,415 	+19.51(+0.11%)
Nov 23, 2015 	17824 	17868 	17752 	17793 	134,675,392 	-31.13(-0.17%)
Nov 20, 2015 	17733 	17914 	17733 	17824 	153,141,893 	+91.06(+0.51%)
Nov 19, 2015 	17740 	17773 	17682 	17733 	114,633,088 	-4.41(-0.02%)
Nov 18, 2015 	17485 	17752 	17485 	17737 	106,811,910 	+247.66(+1.42%)
Nov 17, 2015 	17487 	17599 	17451 	17490 	167,191,792 	+6.49(+0.04%)
Nov 16, 2015 	17230 	17483 	17210 	17483 	137,592,238 	+237.77(+1.38%)
Nov 13, 2015 	17439 	17439 	17239 	17245 	134,640,975 	-202.83(-1.16%)
Nov 12, 2015 	17692 	17692 	17444 	17448 	113,658,889 	-254.15(-1.44%)
Nov 11, 2015 	17770 	17807 	17697 	17702 	95,226,877 	-55.99(-0.32%)
Nov 10, 2015 	17724 	17769 	17658 	17758 	108,643,007 	+27.73(+0.16%)
Nov 09, 2015 	17901 	17901 	17668 	17730 	121,206,957 	-179.85(-1.00%)
Nov 06, 2015 	17855 	17912 	17769 	17910 	107,451,638 	+46.90(+0.26%)
Nov 05, 2015 	17871 	17930 	17779 	17863 	98,908,878 	-4.15(-0.02%)
Nov 04, 2015 	17930 	17964 	17829 	17868 	99,893,534 	-50.57(-0.28%)
Nov 03, 2015 	17820 	17978 	17796 	17918 	92,285,187 	+89.39(+0.50%)
Nov 02, 2015 	17673 	17846 	17655 	17829 	100,841,495 	+165.22(+0.94%)
Oct 30, 2015 	17757 	17800 	17663 	17664 	149,246,272 	-92.26(-0.52%)
Oct 29, 2015 	17772 	17786 	17685 	17756 	90,301,305 	-23.72(-0.13%)
Oct 28, 2015 	17587 	17780 	17557 	17780 	115,625,818 	+198.09(+1.13%)
Oct 27, 2015 	17609 	17635 	17541 	17581 	115,182,837 	-41.62(-0.24%)
Oct 26, 2015 	17650 	17661 	17603 	17623 	116,658,091 	-23.65(-0.13%)
Oct 23, 2015 	17525 	17679 	17525 	17647 	158,086,647 	+157.54(+0.90%)
Oct 22, 2015 	17181 	17505 	17181 	17489 	152,420,603 	+320.55(+1.87%)
Oct 21, 2015 	17226 	17315 	17153 	17169 	107,101,987 	-48.50(-0.28%)
Oct 20, 2015 	17228 	17265 	17148 	17217 	106,670,969 	-13.43(-0.08%)
Oct 19, 2015 	17209 	17236 	17129 	17231 	118,433,685 	+14.57(+0.08%)
Oct 16, 2015 	17142 	17220 	17107 	17216 	145,876,766 	+74.22(+0.43%)
Oct 15, 2015 	16945 	17144 	16934 	17142 	122,955,823 	+217.00(+1.28%)
Oct 14, 2015 	17079 	17111 	16888 	16925 	120,111,006 	-157.14(-0.92%)
Oct 13, 2015 	17114 	17173 	17034 	17082 	99,396,774 	-49.97(-0.29%)
Oct 12, 2015 	17082 	17139 	17065 	17132 	72,501,083 	+47.37(+0.28%)
Oct 09, 2015 	17055 	17111 	17027 	17084 	103,732,049 	+33.74(+0.20%)
Oct 08, 2015 	16904 	17081 	16859 	17051 	100,733,682 	+138.46(+0.82%)
Oct 07, 2015 	16805 	16963 	16765 	16912 	115,692,238 	+122.10(+0.73%)
Oct 06, 2015 	16774 	16865 	16746 	16790 	120,007,237 	+13.76(+0.08%)
Oct 05, 2015 	16502 	16798 	16502 	16776 	127,657,415 	+304.06(+1.85%)
Oct 02, 2015 	16258 	16473 	16014 	16472 	136,887,938 	+200.36(+1.23%)
Oct 01, 2015 	16279 	16349 	16074 	16272 	111,416,980 	-12.69(-0.08%)
Sep 30, 2015 	16057 	16298 	16057 	16285 	145,744,847 	+235.57(+1.47%)
Sep 29, 2015 	16002 	16119 	15942 	16049 	121,158,086 	+47.24(+0.30%)
Sep 28, 2015 	16313 	16313 	15982 	16002 	139,927,738 	-312.78(-1.92%)
Sep 25, 2015 	16205 	16465 	16205 	16315 	130,786,703 	+113.35(+0.70%)
Sep 24, 2015 	16257 	16257 	16016 	16201 	122,217,667 	-78.57(-0.48%)
Sep 23, 2015 	16333 	16355 	16212 	16280 	86,032,198 	-50.58(-0.31%)
Sep 22, 2015 	16477 	16477 	16222 	16330 	119,009,737 	-179.72(-1.09%)
Sep 21, 2015 	16406 	16579 	16392 	16510 	90,728,488 	+125.61(+0.77%)
Sep 18, 2015 	16675 	16675 	16344 	16385 	341,706,081 	-290.16(-1.74%)
Sep 17, 2015 	16738 	16933 	16640 	16675 	129,602,027 	-65.21(-0.39%)
Sep 16, 2015 	16600 	16756 	16594 	16740 	99,623,148 	+140.10(+0.84%)
Sep 15, 2015 	16383 	16644 	16383 	16600 	93,051,069 	+228.89(+1.40%)
Sep 14, 2015 	16451 	16451 	16331 	16371 	92,662,418 	-62.13(-0.38%)
Sep 11, 2015 	16330 	16435 	16245 	16433 	104,630,125 	+102.69(+0.63%)
Sep 10, 2015 	16253 	16442 	16212 	16330 	122,691,281 	+76.83(+0.47%)
Sep 09, 2015 	16505 	16665 	16220 	16254 	118,787,759 	-239.11(-1.45%)
Sep 08, 2015 	16110 	16503 	16110 	16493 	123,870,832 	+390.30(+2.42%)
Sep 04, 2015 	16372 	16102 	16102 	16102 	127,270,000 	-272.38(-1.66%)
Sep 03, 2015 	16364 	16550 	16317 	16375 	109,729,970 	+23.38(+0.14%)
Sep 02, 2015 	16058 	16353 	16058 	16351 	133,482,703 	+293.03(+1.82%)
Sep 01, 2015 	16528 	16528 	15980 	16058 	171,388,222 	-469.68(-2.84%)
Aug 31, 2015 	16632 	16632 	16444 	16528 	141,435,175 	-114.98(-0.69%)
Aug 28, 2015 	16649 	16670 	16535 	16643 	131,789,104 	-11.76(-0.07%)
Aug 27, 2015 	16286 	16667 	16286 	16655 	171,979,851 	+369.26(+2.27%)
Aug 26, 2015 	15676 	16304 	15676 	16286 	208,424,513 	+619.07(+3.95%)
Aug 25, 2015 	15882 	16313 	15651 	15666 	213,216,133 	-204.91(-1.29%)
Aug 24, 2015 	16460 	16460 	15370 	15871 	293,917,010 	-588.40(-3.57%)
Aug 21, 2015 	16991 	16991 	16460 	16460 	225,172,151 	-530.94(-3.12%)
Aug 20, 2015 	17345 	17345 	16991 	16991 	128,534,950 	-358.04(-2.06%)
Aug 19, 2015 	17509 	17517 	17282 	17349 	104,717,299 	-162.61(-0.93%)
Aug 18, 2015 	17537 	17568 	17486 	17511 	79,897,088 	-33.84(-0.19%)
Aug 17, 2015 	17473 	17551 	17342 	17545 	73,377,570 	+67.78(+0.39%)
Aug 14, 2015 	17410 	17493 	17394 	17477 	82,118,120 	+69.15(+0.40%)
Aug 13, 2015 	17402 	17482 	17341 	17408 	88,548,268 	+5.74(+0.03%)
Aug 12, 2015 	17383 	17424 	17126 	17403 	120,399,972 	-0.33(-0.00%)
Aug 11, 2015 	17594 	17594 	17353 	17403 	103,011,382 	-212.33(-1.21%)
Aug 10, 2015 	17375 	17629 	17375 	17615 	92,426,375 	+241.79(+1.39%)
Aug 07, 2015 	17415 	17415 	17279 	17373 	81,801,228 	-46.37(-0.27%)
Aug 06, 2015 	17543 	17572 	17363 	17420 	96,168,008 	-120.72(-0.69%)
Aug 05, 2015 	17555 	17661 	17493 	17540 	102,446,946 	-10.22(-0.06%)
Aug 04, 2015 	17597 	17636 	17506 	17551 	99,063,734 	-47.51(-0.27%)
Aug 03, 2015 	17697 	17705 	17497 	17598 	87,880,002 	-91.66(-0.52%)
Jul 31, 2015 	17756 	17784 	17672 	17690 	106,116,132 	-56.12(-0.32%)
Jul 30, 2015 	17743 	17761 	17641 	17746 	76,646,141 	-5.41(-0.03%)
Jul 29, 2015 	17631 	17777 	17629 	17751 	93,143,692 	+121.12(+0.69%)
Jul 28, 2015 	17450 	17650 	17450 	17630 	103,451,096 	+189.68(+1.09%)
Jul 27, 2015 	17562 	17562 	17399 	17441 	117,864,365 	-127.94(-0.73%)
Jul 24, 2015 	17731 	17757 	17554 	17569 	103,471,357 	-163.39(-0.92%)
Jul 23, 2015 	17854 	17861 	17705 	17732 	88,602,277 	-119.12(-0.67%)
Jul 22, 2015 	17918 	17919 	17807 	17851 	112,374,843 	-68.25(-0.38%)
Jul 21, 2015 	18097 	18097 	17868 	17919 	100,172,053 	-181.12(-1.00%)
Jul 20, 2015 	18086 	18137 	18064 	18100 	75,056,744 	+13.96(+0.08%)
Jul 17, 2015 	18118 	18121 	18032 	18086 	106,512,740 	-33.80(-0.19%)
Jul 16, 2015 	18078 	18132 	18065 	18120 	85,029,365 	+70.08(+0.39%)
Jul 15, 2015 	18053 	18090 	18010 	18050 	80,455,694 	-3.41(-0.02%)
Jul 14, 2015 	17975 	18073 	17956 	18054 	76,744,768 	+75.90(+0.42%)
Jul 13, 2015 	17787 	17988 	17787 	17978 	86,381,639 	+217.27(+1.22%)
Jul 10, 2015 	17561 	17797 	17561 	17760 	85,798,190 	+211.79(+1.21%)
Jul 09, 2015 	17530 	17765 	17530 	17549 	100,524,068 	+33.20(+0.19%)
Jul 08, 2015 	17759 	17759 	17496 	17515 	69,825,587 	-261.49(-1.47%)
Jul 07, 2015 	17685 	17793 	17466 	17777 	105,838,256 	+93.33(+0.53%)
Jul 06, 2015 	17728 	17734 	17564 	17684 	90,130,260 	-46.53(-0.26%)
Jul 02, 2015 	17763 	17730 	17730 	17730 	83,080,000 	-27.80(-0.16%)
Jul 01, 2015 	17638 	17802 	17638 	17758 	87,006,636 	+138.40(+0.79%)
Jun 30, 2015 	17600 	17715 	17576 	17620 	126,464,435 	+23.16(+0.13%)
Jun 29, 2015 	17937 	17937 	17591 	17596 	116,337,391 	-350.33(-1.95%)
Jun 26, 2015 	17892 	18013 	17892 	17947 	158,115,783 	+56.32(+0.31%)
Jun 25, 2015 	17977 	18036 	17890 	17890 	78,993,189 	-75.71(-0.42%)
Jun 24, 2015 	18139 	18139 	17966 	17966 	104,979,517 	-178.00(-0.98%)
Jun 23, 2015 	18122 	18189 	18108 	18144 	75,971,866 	+24.29(+0.13%)
Jun 22, 2015 	18028 	18182 	18028 	18120 	77,779,655 	+103.83(+0.58%)
Jun 19, 2015 	18116 	18117 	18011 	18016 	258,302,263 	-99.89(-0.55%)
Jun 18, 2015 	17945 	18175 	17945 	18116 	94,459,485 	+180.10(+1.00%)
Jun 17, 2015 	17910 	17998 	17840 	17936 	92,407,327 	+31.26(+0.17%)
Jun 16, 2015 	17787 	17920 	17774 	17904 	77,506,445 	+113.31(+0.64%)
Jun 15, 2015 	17891 	17891 	17699 	17791 	91,922,596 	-107.67(-0.60%)
Jun 12, 2015 	18036 	18036 	17862 	17899 	83,764,868 	-140.53(-0.78%)
Jun 11, 2015 	18001 	18110 	18001 	18039 	89,486,641 	+38.97(+0.22%)
Jun 10, 2015 	17765 	18045 	17764 	18000 	96,983,811 	+236.36(+1.33%)
Jun 09, 2015 	17767 	17817 	17718 	17764 	90,552,933 	-2.51(-0.01%)
Jun 08, 2015 	17849 	17852 	17761 	17767 	86,298,280 	-82.91(-0.46%)
Jun 05, 2015 	17905 	17941 	17823 	17849 	89,139,415 	-56.12(-0.31%)
Jun 04, 2015 	18072 	18087 	17877 	17906 	93,468,665 	-170.69(-0.94%)
Jun 03, 2015 	18018 	18168 	18010 	18076 	73,118,298 	+64.33(+0.36%)
Jun 02, 2015 	18033 	18092 	17925 	18012 	77,551,677 	-28.43(-0.16%)
Jun 01, 2015 	18018 	18106 	17982 	18040 	85,643,408 	+29.69(+0.16%)
May 29, 2015 	18128 	18128 	17968 	18011 	139,806,458 	-115.44(-0.64%)
May 28, 2015 	18154 	18154 	18066 	18126 	67,514,977 	-36.87(-0.20%)
May 27, 2015 	18045 	18190 	18045 	18163 	96,398,205 	+121.45(+0.67%)
May 26, 2015 	18230 	18230 	17990 	18042 	109,441,699 	-190.48(-1.04%)
May 22, 2015 	18287 	18232 	18232 	18232 	78,890,000 	-53.72(-0.29%)
May 21, 2015 	18286 	18315 	18250 	18286 	84,266,204 	+0.34(+0.00%)
May 20, 2015 	18315 	18350 	18273 	18285 	80,186,213 	-26.99(-0.15%)
May 19, 2015 	18300 	18351 	18261 	18312 	87,200,383 	+13.51(+0.07%)
May 18, 2015 	18267 	18326 	18244 	18299 	79,079,455 	+26.32(+0.14%)
May 15, 2015 	18252 	18273 	18215 	18273 	108,216,080 	+20.32(+0.11%)
May 14, 2015 	18062 	18255 	18062 	18252 	91,581,834 	+191.75(+1.06%)
May 13, 2015 	18070 	18133 	18039 	18060 	85,179,764 	-7.74(-0.04%)
May 12, 2015 	18096 	18119 	17925 	18068 	89,273,563 	-36.94(-0.20%)
May 11, 2015 	18188 	18200 	18089 	18105 	86,054,921 	-85.94(-0.47%)
May 08, 2015 	17934 	18205 	17934 	18191 	94,958,321 	+267.05(+1.49%)
May 07, 2015 	17840 	17973 	17797 	17924 	80,924,946 	+82.08(+0.46%)
May 06, 2015 	17935 	18020 	17733 	17842 	100,433,863 	-86.22(-0.48%)
May 05, 2015 	18063 	18086 	17906 	17928 	95,336,389 	-142.20(-0.79%)
May 04, 2015 	18026 	18134 	18026 	18070 	86,013,132 	+46.34(+0.26%)
May 01, 2015 	17859 	18029 	17859 	18024 	91,702,042 	+183.54(+1.03%)
Apr 30, 2015 	18033 	18033 	17775 	17841 	129,211,446 	-195.01(-1.08%)
Apr 29, 2015 	18094 	18096 	17954 	18036 	102,076,849 	-74.61(-0.41%)
Apr 28, 2015 	18036 	18120 	17917 	18110 	124,930,994 	+72.17(+0.40%)
Apr 27, 2015 	18098 	18176 	18025 	18038 	121,110,419 	-42.17(-0.23%)
Apr 24, 2015 	18056 	18109 	18009 	18080 	119,130,755 	+21.45(+0.12%)
Apr 23, 2015 	18032 	18133 	17967 	18059 	100,244,859 	+20.42(+0.11%)
Apr 22, 2015 	17951 	18056 	17888 	18038 	91,256,311 	+88.68(+0.49%)
Apr 21, 2015 	18034 	18110 	17930 	17950 	95,175,621 	-85.34(-0.47%)
Apr 20, 2015 	17841 	18092 	17841 	18035 	103,163,433 	+208.63(+1.17%)
Apr 17, 2015 	18103 	18103 	17749 	17826 	138,864,067 	-279.47(-1.54%)
Apr 16, 2015 	18106 	18169 	18064 	18106 	89,515,996 	-6.84(-0.04%)
Apr 15, 2015 	18046 	18161 	18046 	18113 	113,613,947 	+75.91(+0.42%)
Apr 14, 2015 	17979 	18076 	17905 	18037 	82,827,538 	+59.66(+0.33%)
Apr 13, 2015 	18052 	18108 	17975 	17977 	120,086,996 	-80.61(-0.45%)
Apr 10, 2015 	17957 	18067 	17946 	18058 	116,409,885 	+98.92(+0.55%)
Apr 09, 2015 	17898 	17984 	17823 	17959 	86,735,620 	+56.22(+0.31%)
Apr 08, 2015 	17878 	17976 	17822 	17903 	76,821,076 	+27.09(+0.15%)
Apr 07, 2015 	17884 	17983 	17871 	17875 	72,145,067 	-5.43(-0.03%)
Apr 06, 2015 	17756 	17942 	17647 	17881 	100,847,517 	+117.61(+0.66%)
Apr 02, 2015 	17700 	17763 	17763 	17763 	87,370,000 	+65.06(+0.37%)
Apr 01, 2015 	17779 	17779 	17585 	17698 	103,363,835 	-77.94(-0.44%)
Mar 31, 2015 	17965 	17965 	17773 	17776 	119,467,764 	-200.19(-1.11%)
Mar 30, 2015 	17727 	18009 	17727 	17976 	104,038,691 	+263.65(+1.49%)
Mar 27, 2015 	17674 	17729 	17630 	17713 	103,221,502 	+34.43(+0.19%)
Mar 26, 2015 	17716 	17760 	17579 	17678 	117,742,017 	-40.31(-0.23%)
Mar 25, 2015 	18013 	18042 	17719 	17719 	106,593,805 	-292.60(-1.62%)
Mar 24, 2015 	18111 	18149 	18010 	18011 	87,194,431 	-104.90(-0.58%)
Mar 23, 2015 	18137 	18206 	18116 	18116 	98,029,168 	-11.61(-0.06%)
Mar 20, 2015 	17961 	18197 	17961 	18128 	334,245,155 	+168.62(+0.94%)
Mar 19, 2015 	18073 	18073 	17934 	17959 	107,824,496 	-117.16(-0.65%)
Mar 18, 2015 	17847 	18097 	17698 	18076 	130,948,396 	+227.11(+1.27%)
Mar 17, 2015 	17972 	17972 	17786 	17849 	82,560,562 	-128.34(-0.71%)
Mar 16, 2015 	17751 	17988 	17751 	17977 	101,762,339 	+228.11(+1.29%)
Mar 13, 2015 	17889 	17889 	17630 	17749 	113,628,770 	-145.91(-0.82%)
Mar 12, 2015 	17627 	17900 	17620 	17895 	111,551,998 	+259.83(+1.47%)
Mar 11, 2015 	17663 	17732 	17627 	17635 	102,121,893 	-27.55(-0.16%)
Mar 10, 2015 	17990 	17990 	17663 	17663 	120,445,454 	-332.78(-1.85%)
Mar 09, 2015 	17857 	18031 	17857 	17996 	85,824,770 	+138.94(+0.78%)
Mar 06, 2015 	18136 	18136 	17825 	17857 	113,353,084 	-278.94(-1.54%)
Mar 05, 2015 	18097 	18160 	18088 	18136 	75,841,135 	+38.82(+0.21%)
Mar 04, 2015 	18203 	18203 	18050 	18097 	80,903,784 	-106.47(-0.58%)
Mar 03, 2015 	18282 	18282 	18159 	18203 	83,832,766 	-85.26(-0.47%)
