Feb 10, 2018 	29679 	29679 	29129 	29507 	0 	+0.00(+0.00%)
Feb 09, 2018 	29679 	29679 	29129 	29507 	0 	-943.85(-3.10%)
Feb 08, 2018 	30556 	30739 	30251 	30451 	0 	+128.07(+0.42%)
Feb 07, 2018 	31378 	31472 	30292 	30323 	0 	-272.22(-0.89%)
Feb 06, 2018 	31029 	31286 	30578 	30595 	0 	-1649.80(-5.12%)
Feb 05, 2018 	31716 	32395 	31712 	32245 	0 	-356.56(-1.09%)
Feb 04, 2018 	32569 	32779 	32321 	32602 	0 	+0.00(+0.00%)
Feb 03, 2018 	32569 	32779 	32321 	32602 	0 	+0.00(+0.00%)
Feb 02, 2018 	32569 	32779 	32321 	32602 	0 	-40.31(-0.12%)
Feb 01, 2018 	32950 	33048 	32642 	32642 	0 	-245.18(-0.75%)
Jan 31, 2018 	32436 	32934 	32330 	32887 	0 	+279.98(+0.86%)
Jan 30, 2018 	32752 	32977 	32501 	32607 	0 	-359.60(-1.09%)
Jan 29, 2018 	33335 	33484 	32897 	32967 	0 	-187.23(-0.56%)
Jan 28, 2018 	32836 	33224 	32794 	33154 	0 	+0.00(+0.00%)
Jan 27, 2018 	32836 	33224 	32794 	33154 	0 	+0.00(+0.00%)
Jan 26, 2018 	32836 	33224 	32794 	33154 	0 	+499.67(+1.53%)
Jan 25, 2018 	32979 	32998 	32650 	32654 	0 	-304.24(-0.92%)
Jan 24, 2018 	32907 	33019 	32729 	32959 	0 	+27.99(+0.09%)
Jan 23, 2018 	32606 	32931 	32554 	32931 	0 	+537.29(+1.66%)
Jan 22, 2018 	32277 	32417 	32047 	32393 	0 	+138.52(+0.43%)
Jan 21, 2018 	32142 	32255 	31986 	32255 	0 	+0.00(+0.00%)
Jan 20, 2018 	32142 	32255 	31986 	32255 	0 	+0.00(+0.00%)
Jan 19, 2018 	32142 	32255 	31986 	32255 	0 	+132.95(+0.41%)
Jan 18, 2018 	32148 	32234 	31870 	32122 	0 	+138.53(+0.43%)
Jan 17, 2018 	31826 	31983 	31642 	31983 	0 	+78.66(+0.25%)
Jan 16, 2018 	31424 	31905 	31424 	31905 	0 	+565.88(+1.81%)
Jan 15, 2018 	31703 	31733 	31265 	31339 	0 	-73.67(-0.23%)
Jan 14, 2018 	31298 	31413 	31198 	31413 	0 	+0.00(+0.00%)
Jan 13, 2018 	31298 	31413 	31198 	31413 	0 	+0.00(+0.00%)
Jan 12, 2018 	31298 	31413 	31198 	31413 	0 	+292.15(+0.94%)
Jan 11, 2018 	31066 	31133 	30950 	31120 	0 	+46.67(+0.15%)
Jan 10, 2018 	31009 	31268 	30929 	31074 	0 	+62.31(+0.20%)
Jan 09, 2018 	30934 	31057 	30852 	31011 	0 	+111.88(+0.36%)
Jan 08, 2018 	30895 	30929 	30733 	30900 	0 	+84.89(+0.28%)
Jan 07, 2018 	30894 	30911 	30639 	30815 	0 	+0.00(+0.00%)
Jan 06, 2018 	30894 	30911 	30639 	30815 	0 	+0.00(+0.00%)
Jan 05, 2018 	30894 	30911 	30639 	30815 	0 	+78.16(+0.25%)
Jan 04, 2018 	30692 	30797 	30560 	30736 	0 	+175.53(+0.57%)
Jan 03, 2018 	30659 	30724 	30457 	30561 	0 	+45.64(+0.15%)
Jan 02, 2018 	30028 	30515 	30028 	30515 	0 	+596.16(+1.99%)
Jan 01, 2018 	29914 	29998 	29849 	29919 	0 	+0.00(+0.00%)
Dec 31, 2017 	29914 	29998 	29849 	29919 	0 	+0.00(+0.00%)
Dec 30, 2017 	29914 	29998 	29849 	29919 	0 	+0.00(+0.00%)
Dec 29, 2017 	29914 	29998 	29849 	29919 	0 	+55.44(+0.19%)
Dec 28, 2017 	29685 	29873 	29661 	29864 	0 	+266.05(+0.90%)
Dec 27, 2017 	29633 	29694 	29517 	29598 	0 	+19.65(+0.07%)
Dec 26, 2017 	29505 	29578 	29414 	29578 	0 	+0.00(+0.00%)
Dec 25, 2017 	29505 	29578 	29414 	29578 	0 	+0.00(+0.00%)
Dec 24, 2017 	29505 	29578 	29414 	29578 	0 	+0.00(+0.00%)
Dec 23, 2017 	29505 	29578 	29414 	29578 	0 	+0.00(+0.00%)
Dec 22, 2017 	29505 	29578 	29414 	29578 	0 	+210.95(+0.72%)
Dec 21, 2017 	29210 	29432 	29145 	29367 	0 	+132.97(+0.45%)
Dec 20, 2017 	29199 	29327 	29159 	29234 	0 	-19.57(-0.07%)
Dec 19, 2017 	29194 	29339 	29144 	29254 	0 	+203.25(+0.70%)
Dec 18, 2017 	28924 	29143 	28821 	29050 	0 	+202.30(+0.70%)
Dec 17, 2017 	29000 	29018 	28739 	28848 	0 	+0.00(+0.00%)
Dec 16, 2017 	29000 	29018 	28739 	28848 	0 	+0.00(+0.00%)
Dec 15, 2017 	29000 	29018 	28739 	28848 	0 	-318.27(-1.09%)
Dec 14, 2017 	29336 	29368 	29048 	29166 	0 	-55.72(-0.19%)
Dec 13, 2017 	28857 	29277 	28708 	29222 	0 	+428.22(+1.49%)
Dec 12, 2017 	28973 	29067 	28746 	28794 	0 	-171.41(-0.59%)
Dec 11, 2017 	28645 	28999 	28645 	28965 	0 	+325.44(+1.14%)
Dec 10, 2017 	28400 	28706 	28344 	28640 	0 	+0.00(+0.00%)
Dec 09, 2017 	28400 	28706 	28344 	28640 	0 	+0.00(+0.00%)
Dec 08, 2017 	28400 	28706 	28344 	28640 	0 	+336.66(+1.19%)
Dec 07, 2017 	28366 	28478 	28135 	28303 	0 	+78.39(+0.28%)
Dec 06, 2017 	28850 	28929 	28205 	28225 	0 	-618.00(-2.14%)
Dec 05, 2017 	28899 	29124 	28838 	28843 	0 	-295.48(-1.01%)
Dec 04, 2017 	28951 	29344 	28803 	29138 	0 	+64.04(+0.22%)
Dec 03, 2017 	29261 	29346 	29029 	29074 	0 	+0.00(+0.00%)
Dec 02, 2017 	29261 	29346 	29029 	29074 	0 	+0.00(+0.00%)
Dec 01, 2017 	29261 	29346 	29029 	29074 	0 	-103.11(-0.35%)
Nov 30, 2017 	29340 	29354 	29127 	29177 	0 	-446.48(-1.51%)
Nov 29, 2017 	29814 	29831 	29563 	29624 	0 	-57.02(-0.19%)
Nov 28, 2017 	29609 	29687 	29335 	29681 	0 	-5.34(-0.02%)
Nov 27, 2017 	29858 	29859 	29611 	29686 	0 	-180.13(-0.60%)
Nov 26, 2017 	29788 	29919 	29697 	29866 	0 	+0.00(+0.00%)
Nov 25, 2017 	29788 	29919 	29697 	29866 	0 	+0.00(+0.00%)
Nov 24, 2017 	29788 	29919 	29697 	29866 	0 	+158.38(+0.53%)
Nov 23, 2017 	30033 	30170 	29594 	29708 	0 	-295.55(-0.99%)
Nov 22, 2017 	30087 	30200 	29911 	30003 	0 	+185.42(+0.62%)
Nov 21, 2017 	29370 	29818 	29343 	29818 	0 	+557.76(+1.91%)
Nov 20, 2017 	29227 	29300 	29090 	29260 	0 	+61.27(+0.21%)
Nov 19, 2017 	29214 	29342 	29158 	29199 	0 	+0.00(+0.00%)
Nov 18, 2017 	29214 	29342 	29158 	29199 	0 	+0.00(+0.00%)
Nov 17, 2017 	29214 	29342 	29158 	29199 	0 	+180.28(+0.62%)
Nov 16, 2017 	28964 	29095 	28878 	29019 	0 	+167.07(+0.58%)
Nov 15, 2017 	29026 	29106 	28852 	28852 	0 	-300.43(-1.03%)
Nov 14, 2017 	29272 	29320 	29144 	29152 	0 	-30.06(-0.10%)
Nov 13, 2017 	29058 	29258 	29058 	29182 	0 	+61.26(+0.21%)
Nov 12, 2017 	29060 	29238 	29036 	29121 	0 	+0.00(+0.00%)
Nov 11, 2017 	29060 	29238 	29036 	29121 	0 	+0.00(+0.00%)
Nov 10, 2017 	29060 	29238 	29036 	29121 	0 	-15.65(-0.05%)
Nov 09, 2017 	28988 	29193 	28960 	29137 	0 	+228.97(+0.79%)
Nov 08, 2017 	28950 	29123 	28885 	28908 	0 	-86.74(-0.30%)
Nov 07, 2017 	28715 	29017 	28715 	28994 	0 	+397.54(+1.39%)
Nov 06, 2017 	28616 	28651 	28138 	28597 	0 	-6.81(-0.02%)
Nov 05, 2017 	28604 	28661 	28543 	28604 	0 	+0.00(+0.00%)
Nov 04, 2017 	28604 	28661 	28543 	28604 	0 	+0.00(+0.00%)
Nov 03, 2017 	28604 	28661 	28543 	28604 	0 	+84.97(+0.30%)
Nov 02, 2017 	28605 	28644 	28492 	28519 	0 	-75.42(-0.26%)
Nov 01, 2017 	28388 	28607 	28330 	28594 	0 	+348.52(+1.23%)
Oct 31, 2017 	28247 	28354 	28184 	28246 	0 	-90.65(-0.32%)
Oct 30, 2017 	28585 	28651 	28336 	28336 	0 	-102.66(-0.36%)
Oct 29, 2017 	28333 	28495 	28306 	28439 	0 	+0.00(+0.00%)
Oct 28, 2017 	28333 	28495 	28306 	28439 	0 	+0.00(+0.00%)
Oct 27, 2017 	28333 	28495 	28306 	28439 	0 	+236.47(+0.84%)
Oct 26, 2017 	28166 	28316 	28103 	28202 	0 	-100.51(-0.36%)
Oct 25, 2017 	28239 	28387 	28199 	28303 	0 	+147.92(+0.53%)
Oct 24, 2017 	28233 	28356 	28099 	28155 	0 	-150.91(-0.53%)
Oct 23, 2017 	28558 	28558 	28253 	28306 	0 	-181.36(-0.64%)
Oct 22, 2017 	28360 	28520 	28314 	28487 	0 	+0.00(+0.00%)
Oct 21, 2017 	28360 	28520 	28314 	28487 	0 	+0.00(+0.00%)
Oct 20, 2017 	28360 	28520 	28314 	28487 	0 	+328.15(+1.17%)
Oct 19, 2017 	28784 	28799 	28095 	28159 	0 	-552.67(-1.92%)
Oct 18, 2017 	28636 	28729 	28630 	28712 	0 	+14.27(+0.05%)
Oct 17, 2017 	28777 	28777 	28642 	28697 	0 	+4.69(+0.02%)
Oct 16, 2017 	28662 	28792 	28620 	28693 	0 	+216.37(+0.76%)
Oct 15, 2017 	28424 	28492 	28370 	28476 	0 	+0.00(+0.00%)
Oct 14, 2017 	28424 	28492 	28370 	28476 	0 	+0.00(+0.00%)
Oct 13, 2017 	28424 	28492 	28370 	28476 	0 	+17.40(+0.06%)
Oct 12, 2017 	28431 	28529 	28343 	28459 	0 	+69.46(+0.24%)
Oct 11, 2017 	28622 	28626 	28331 	28390 	0 	-101.26(-0.36%)
Oct 10, 2017 	28335 	28504 	28260 	28491 	0 	+164.24(+0.58%)
Oct 09, 2017 	28440 	28488 	28282 	28327 	0 	-131.45(-0.46%)
Oct 08, 2017 	28626 	28626 	28378 	28458 	0 	+0.00(+0.00%)
Oct 07, 2017 	28626 	28626 	28378 	28458 	0 	+0.00(+0.00%)
Oct 06, 2017 	28626 	28626 	28378 	28458 	0 	+78.86(+0.28%)
Oct 05, 2017 	28311 	28522 	28311 	28379 	0 	+0.00(+0.00%)
Oct 04, 2017 	28311 	28522 	28311 	28379 	0 	+205.97(+0.73%)
Oct 03, 2017 	27884 	28194 	27737 	28173 	0 	+618.91(+2.25%)
Oct 02, 2017 	27492 	27581 	27383 	27554 	0 	+0.00(+0.00%)
Oct 01, 2017 	27492 	27581 	27383 	27554 	0 	+0.00(+0.00%)
Sep 30, 2017 	27492 	27581 	27383 	27554 	0 	+0.00(+0.00%)
Sep 29, 2017 	27492 	27581 	27383 	27554 	0 	+132.70(+0.48%)
Sep 28, 2017 	27661 	27665 	27422 	27422 	0 	-220.83(-0.80%)
Sep 27, 2017 	27503 	27673 	27503 	27642 	0 	+129.42(+0.47%)
Sep 26, 2017 	27309 	27568 	27300 	27513 	0 	+12.67(+0.05%)
Sep 25, 2017 	27852 	27852 	27476 	27500 	0 	-380.19(-1.36%)
Sep 24, 2017 	27950 	27961 	27846 	27881 	0 	+0.00(+0.00%)
Sep 23, 2017 	27950 	27961 	27846 	27881 	0 	+0.00(+0.00%)
Sep 22, 2017 	27950 	27961 	27846 	27881 	0 	-229.80(-0.82%)
Sep 21, 2017 	28091 	28184 	28047 	28110 	0 	-17.47(-0.06%)
Sep 20, 2017 	28099 	28149 	28013 	28128 	0 	+76.39(+0.27%)
Sep 19, 2017 	28201 	28248 	28032 	28051 	0 	-108.36(-0.38%)
Sep 18, 2017 	27971 	28160 	27917 	28160 	0 	+352.18(+1.27%)
Sep 17, 2017 	27737 	27894 	27514 	27808 	0 	+0.00(+0.00%)
Sep 16, 2017 	27737 	27894 	27514 	27808 	0 	+0.00(+0.00%)
Sep 15, 2017 	27737 	27894 	27514 	27808 	0 	+30.39(+0.11%)
Sep 14, 2017 	27789 	27895 	27699 	27777 	0 	-116.88(-0.42%)
Sep 13, 2017 	27984 	27984 	27751 	27894 	0 	-78.16(-0.28%)
Sep 12, 2017 	28069 	28072 	27884 	27972 	0 	+17.11(+0.06%)
Sep 11, 2017 	27878 	27977 	27859 	27955 	0 	+286.66(+1.04%)
Sep 10, 2017 	27572 	27708 	27569 	27668 	0 	+0.00(+0.00%)
Sep 09, 2017 	27572 	27708 	27569 	27668 	0 	+0.00(+0.00%)
Sep 08, 2017 	27572 	27708 	27569 	27668 	0 	+145.55(+0.53%)
Sep 07, 2017 	27818 	27818 	27493 	27523 	0 	-90.84(-0.33%)
Sep 06, 2017 	27672 	27684 	27422 	27614 	0 	-127.59(-0.46%)
Sep 05, 2017 	27797 	27872 	27685 	27741 	0 	+1.09(+0.00%)
Sep 04, 2017 	27882 	27884 	27662 	27740 	0 	-212.90(-0.76%)
Sep 03, 2017 	28015 	28117 	27915 	27953 	0 	+0.00(+0.00%)
Sep 02, 2017 	28015 	28117 	27915 	27953 	0 	+0.00(+0.00%)
Sep 01, 2017 	28015 	28117 	27915 	27953 	0 	-17.14(-0.06%)
Aug 31, 2017 	27934 	27994 	27861 	27970 	0 	-124.31(-0.44%)
Aug 30, 2017 	27958 	28128 	27913 	28095 	0 	+329.60(+1.19%)
Aug 29, 2017 	27745 	27840 	27639 	27765 	0 	-98.28(-0.35%)
Aug 28, 2017 	27906 	28072 	27806 	27863 	0 	+15.13(+0.05%)
Aug 27, 2017 	27539 	27878 	27480 	27848 	0 	+0.00(+0.00%)
Aug 26, 2017 	27539 	27878 	27480 	27848 	0 	+0.00(+0.00%)
Aug 25, 2017 	27539 	27878 	27480 	27848 	0 	+329.56(+1.20%)
Aug 24, 2017 	27642 	27642 	27486 	27519 	0 	+116.93(+0.43%)
Aug 23, 2017 	27322 	27509 	27316 	27402 	0 	+0.00(+0.00%)
Aug 22, 2017 	27322 	27509 	27316 	27402 	0 	+246.99(+0.91%)
Aug 21, 2017 	27101 	27221 	27086 	27155 	0 	+107.11(+0.40%)
Aug 20, 2017 	27000 	27236 	26952 	27048 	0 	+0.00(+0.00%)
Aug 19, 2017 	27000 	27236 	26952 	27048 	0 	+0.00(+0.00%)
Aug 18, 2017 	27000 	27236 	26952 	27048 	0 	-296.65(-1.08%)
Aug 17, 2017 	27610 	27625 	27302 	27344 	0 	-64.85(-0.24%)
Aug 16, 2017 	27239 	27422 	27239 	27409 	0 	+234.11(+0.86%)
Aug 15, 2017 	27371 	27438 	27175 	27175 	0 	-75.27(-0.28%)
Aug 14, 2017 	27092 	27268 	27032 	27250 	0 	+366.72(+1.36%)
Aug 13, 2017 	27000 	27184 	26864 	26884 	0 	+0.00(+0.00%)
Aug 12, 2017 	27000 	27184 	26864 	26884 	0 	+0.00(+0.00%)
Aug 11, 2017 	27000 	27184 	26864 	26884 	0 	-560.49(-2.04%)
Aug 10, 2017 	27791 	27791 	27267 	27444 	0 	-313.09(-1.13%)
Aug 09, 2017 	27760 	27876 	27603 	27757 	0 	-97.82(-0.35%)
Aug 08, 2017 	27685 	27868 	27626 	27855 	0 	+164.55(+0.59%)
Aug 07, 2017 	27666 	27732 	27629 	27690 	0 	+127.68(+0.46%)
Aug 06, 2017 	27565 	27615 	27508 	27563 	0 	+0.00(+0.00%)
Aug 05, 2017 	27565 	27615 	27508 	27563 	0 	+0.00(+0.00%)
Aug 04, 2017 	27565 	27615 	27508 	27563 	0 	+31.67(+0.12%)
Aug 03, 2017 	27534 	27601 	27400 	27531 	0 	-76.37(-0.28%)
Aug 02, 2017 	27645 	27747 	27570 	27607 	0 	+67.15(+0.24%)
Aug 01, 2017 	27326 	27558 	27326 	27540 	0 	+216.24(+0.79%)
Jul 31, 2017 	27048 	27324 	27045 	27324 	0 	+344.60(+1.28%)
Jul 30, 2017 	27008 	27048 	26928 	26979 	0 	+0.00(+0.00%)
Jul 29, 2017 	27008 	27048 	26928 	26979 	0 	+0.00(+0.00%)
Jul 28, 2017 	27008 	27048 	26928 	26979 	0 	-151.78(-0.56%)
Jul 27, 2017 	27003 	27169 	26962 	27131 	0 	+190.15(+0.71%)
Jul 26, 2017 	26961 	27007 	26787 	26941 	0 	+88.97(+0.33%)
Jul 25, 2017 	26848 	26890 	26800 	26852 	0 	+5.22(+0.02%)
Jul 24, 2017 	26720 	26882 	26674 	26847 	0 	+140.74(+0.53%)
Jul 23, 2017 	26777 	26778 	26663 	26706 	0 	+0.00(+0.00%)
Jul 22, 2017 	26777 	26778 	26663 	26706 	0 	+0.00(+0.00%)
Jul 21, 2017 	26777 	26778 	26663 	26706 	0 	-34.12(-0.13%)
Jul 20, 2017 	26770 	26794 	26633 	26740 	0 	+68.05(+0.26%)
Jul 19, 2017 	26562 	26683 	26542 	26672 	0 	+147.22(+0.56%)
Jul 18, 2017 	26490 	26540 	26381 	26525 	0 	+54.36(+0.21%)
Jul 17, 2017 	26573 	26619 	26354 	26471 	0 	+81.35(+0.31%)
Jul 16, 2017 	26417 	26417 	26296 	26389 	0 	+0.00(+0.00%)
Jul 15, 2017 	26417 	26417 	26296 	26389 	0 	+0.00(+0.00%)
Jul 14, 2017 	26417 	26417 	26296 	26389 	0 	+43.06(+0.16%)
Jul 13, 2017 	26340 	26384 	26255 	26346 	0 	+302.53(+1.16%)
Jul 12, 2017 	25991 	26147 	25991 	26044 	0 	+166.00(+0.64%)
Jul 11, 2017 	25605 	25941 	25596 	25878 	0 	+377.58(+1.48%)
Jul 10, 2017 	25392 	25623 	25332 	25500 	0 	+159.21(+0.63%)
Jul 09, 2017 	25377 	25410 	25316 	25341 	0 	+0.00(+0.00%)
Jul 08, 2017 	25377 	25410 	25316 	25341 	0 	+0.00(+0.00%)
Jul 07, 2017 	25377 	25410 	25316 	25341 	0 	-124.37(-0.49%)
Jul 06, 2017 	25575 	25600 	25437 	25465 	0 	-56.75(-0.22%)
Jul 05, 2017 	25354 	25559 	25200 	25522 	0 	+132.96(+0.52%)
Jul 04, 2017 	25783 	25838 	25252 	25389 	0 	-395.16(-1.53%)
Jul 03, 2017 	25655 	25821 	25655 	25784 	0 	+19.59(+0.08%)
Jun 30, 2017 	25680 	25816 	25661 	25765 	0 	-200.84(-0.77%)
Jun 29, 2017 	25873 	25965 	25815 	25965 	0 	+281.92(+1.10%)
Jun 28, 2017 	25735 	25821 	25626 	25684 	0 	-156.49(-0.61%)
Jun 27, 2017 	25911 	25930 	25781 	25840 	0 	-31.90(-0.12%)
Jun 26, 2017 	25728 	25875 	25720 	25872 	0 	+201.84(+0.79%)
Jun 25, 2017 	25724 	25770 	25649 	25670 	0 	+0.00(+0.00%)
Jun 24, 2017 	25724 	25770 	25649 	25670 	0 	+0.00(+0.00%)
Jun 23, 2017 	25724 	25770 	25649 	25670 	0 	-4.48(-0.02%)
Jun 22, 2017 	25597 	25868 	25597 	25675 	0 	-20.05(-0.08%)
Jun 21, 2017 	25752 	25847 	25576 	25695 	0 	-148.46(-0.57%)
Jun 20, 2017 	26028 	26043 	25834 	25843 	0 	-81.51(-0.31%)
Jun 19, 2017 	25736 	25940 	25735 	25925 	0 	+298.06(+1.16%)
Jun 18, 2017 	25602 	25720 	25558 	25626 	0 	+0.00(+0.00%)
Jun 17, 2017 	25602 	25720 	25558 	25626 	0 	+0.00(+0.00%)
Jun 16, 2017 	25602 	25720 	25558 	25626 	0 	+61.15(+0.24%)
Jun 15, 2017 	25772 	25772 	25565 	25565 	0 	-310.56(-1.20%)
Jun 14, 2017 	25915 	25915 	25713 	25876 	0 	+23.80(+0.09%)
Jun 13, 2017 	25827 	25883 	25723 	25852 	0 	+144.06(+0.56%)
Jun 12, 2017 	25925 	25958 	25689 	25708 	0 	-322.25(-1.24%)
Jun 11, 2017 	26090 	26090 	25923 	26030 	0 	+0.00(+0.00%)
Jun 10, 2017 	26090 	26090 	25923 	26030 	0 	+0.00(+0.00%)
Jun 09, 2017 	26090 	26090 	25923 	26030 	0 	-32.77(-0.13%)
Jun 08, 2017 	25974 	26070 	25923 	26063 	0 	+88.90(+0.34%)
Jun 07, 2017 	26025 	26073 	25899 	25974 	0 	-22.98(-0.09%)
Jun 06, 2017 	25820 	26019 	25805 	25997 	0 	+134.15(+0.52%)
Jun 05, 2017 	25976 	25999 	25802 	25863 	0 	-61.06(-0.24%)
Jun 04, 2017 	25926 	25973 	25852 	25924 	0 	+0.00(+0.00%)
Jun 03, 2017 	25926 	25973 	25852 	25924 	0 	+0.00(+0.00%)
Jun 02, 2017 	25926 	25973 	25852 	25924 	0 	+114.83(+0.44%)
Jun 01, 2017 	25736 	25835 	25615 	25809 	0 	+148.57(+0.58%)
May 31, 2017 	25706 	25818 	25650 	25661 	0 	-40.98(-0.16%)
May 30, 2017 	25672 	25745 	25579 	25702 	0 	+0.00(+0.00%)
May 29, 2017 	25672 	25745 	25579 	25702 	0 	+62.36(+0.24%)
May 28, 2017 	25671 	25724 	25589 	25639 	0 	+0.00(+0.00%)
May 27, 2017 	25671 	25724 	25589 	25639 	0 	+0.00(+0.00%)
May 26, 2017 	25671 	25724 	25589 	25639 	0 	+8.49(+0.03%)
May 25, 2017 	25511 	25681 	25492 	25631 	0 	+202.28(+0.80%)
May 24, 2017 	25382 	25428 	25297 	25428 	0 	+25.35(+0.10%)
May 23, 2017 	25416 	25487 	25307 	25403 	0 	+11.81(+0.05%)
May 22, 2017 	25318 	25450 	25201 	25391 	0 	+216.47(+0.86%)
May 21, 2017 	25172 	25266 	25124 	25175 	0 	+0.00(+0.00%)
May 20, 2017 	25172 	25266 	25124 	25175 	0 	+0.00(+0.00%)
May 19, 2017 	25172 	25266 	25124 	25175 	0 	+38.35(+0.15%)
May 18, 2017 	25034 	25264 	25025 	25137 	0 	-157.11(-0.62%)
May 17, 2017 	25356 	25375 	25245 	25294 	0 	-42.31(-0.17%)
May 16, 2017 	25413 	25413 	25228 	25336 	0 	-35.65(-0.14%)
May 15, 2017 	25233 	25386 	25213 	25372 	0 	+215.25(+0.86%)
May 14, 2017 	25126 	25211 	25087 	25156 	0 	+0.00(+0.00%)
May 13, 2017 	25126 	25211 	25087 	25156 	0 	+0.00(+0.00%)
May 12, 2017 	25126 	25211 	25087 	25156 	0 	+30.79(+0.12%)
May 11, 2017 	25102 	25204 	25025 	25126 	0 	+110.13(+0.44%)
May 10, 2017 	24932 	25165 	24932 	25015 	0 	+126.39(+0.51%)
May 09, 2017 	24657 	24890 	24549 	24889 	0 	+311.12(+1.27%)
May 08, 2017 	24604 	24624 	24476 	24578 	0 	+101.56(+0.41%)
May 07, 2017 	24625 	24634 	24359 	24476 	0 	+0.00(+0.00%)
May 06, 2017 	24625 	24634 	24359 	24476 	0 	+0.00(+0.00%)
May 05, 2017 	24625 	24634 	24359 	24476 	0 	-207.53(-0.84%)
May 04, 2017 	24680 	24684 	24531 	24684 	0 	-12.25(-0.05%)
May 03, 2017 	24774 	24774 	24577 	24696 	0 	+0.00(+0.00%)
May 02, 2017 	24774 	24774 	24577 	24696 	0 	+81.00(+0.33%)
May 01, 2017 	24691 	24697 	24564 	24615 	0 	+0.00(+0.00%)
Apr 30, 2017 	24691 	24697 	24564 	24615 	0 	+0.00(+0.00%)
Apr 29, 2017 	24691 	24697 	24564 	24615 	0 	+0.00(+0.00%)
Apr 28, 2017 	24691 	24697 	24564 	24615 	0 	-83.35(-0.34%)
Apr 27, 2017 	24663 	24717 	24455 	24698 	0 	+120.05(+0.49%)
Apr 26, 2017 	24563 	24638 	24515 	24578 	0 	+122.49(+0.50%)
Apr 25, 2017 	24205 	24456 	24202 	24456 	0 	+316.46(+1.31%)
Apr 24, 2017 	24186 	24206 	23958 	24139 	0 	+97.46(+0.41%)
Apr 23, 2017 	24143 	24190 	23992 	24042 	0 	+0.00(+0.00%)
Apr 22, 2017 	24143 	24190 	23992 	24042 	0 	+0.00(+0.00%)
Apr 21, 2017 	24143 	24190 	23992 	24042 	0 	-14.96(-0.06%)
Apr 20, 2017 	23851 	24059 	23827 	24057 	0 	+231.10(+0.97%)
Apr 19, 2017 	23876 	23893 	23724 	23826 	0 	-98.66(-0.41%)
Apr 18, 2017 	24268 	24276 	23893 	23925 	0 	-337.12(-1.39%)
Apr 17, 2017 	24173 	24378 	24158 	24262 	0 	+0.00(+0.00%)
Apr 16, 2017 	24173 	24378 	24158 	24262 	0 	+0.00(+0.00%)
Apr 15, 2017 	24173 	24378 	24158 	24262 	0 	+0.00(+0.00%)
Apr 14, 2017 	24173 	24378 	24158 	24262 	0 	+0.00(+0.00%)
Apr 13, 2017 	24173 	24378 	24158 	24262 	0 	-51.84(-0.21%)
Apr 12, 2017 	24069 	24314 	23994 	24314 	0 	+225.04(+0.93%)
Apr 11, 2017 	24281 	24318 	24008 	24088 	0 	-173.72(-0.72%)
Apr 10, 2017 	24302 	24315 	24216 	24262 	0 	-5.12(-0.02%)
Apr 09, 2017 	24247 	24268 	23982 	24267 	0 	+0.00(+0.00%)
Apr 08, 2017 	24247 	24268 	23982 	24267 	0 	+0.00(+0.00%)
Apr 07, 2017 	24247 	24268 	23982 	24267 	0 	-6.42(-0.03%)
Apr 06, 2017 	24310 	24382 	24211 	24274 	0 	-127.08(-0.52%)
Apr 05, 2017 	24371 	24401 	24166 	24401 	0 	+139.32(+0.57%)
Apr 04, 2017 	24237 	24261 	24163 	24261 	0 	+0.00(+0.00%)
Apr 03, 2017 	24237 	24261 	24163 	24261 	0 	+149.89(+0.62%)
Apr 02, 2017 	24306 	24330 	24105 	24112 	0 	+0.00(+0.00%)
Apr 01, 2017 	24306 	24330 	24105 	24112 	0 	+0.00(+0.00%)
Mar 31, 2017 	24306 	24330 	24105 	24112 	0 	-189.50(-0.78%)
Mar 30, 2017 	24429 	24431 	24250 	24301 	0 	-90.96(-0.37%)
Mar 29, 2017 	24471 	24471 	24331 	24392 	0 	+46.18(+0.19%)
Mar 28, 2017 	24329 	24360 	24275 	24346 	0 	+152.17(+0.63%)
Mar 27, 2017 	24236 	24435 	24139 	24194 	0 	-164.57(-0.68%)
Mar 26, 2017 	24396 	24421 	24263 	24358 	0 	+0.00(+0.00%)
Mar 25, 2017 	24396 	24421 	24263 	24358 	0 	+0.00(+0.00%)
Mar 24, 2017 	24396 	24421 	24263 	24358 	0 	+30.57(+0.13%)
Mar 23, 2017 	24381 	24467 	24271 	24328 	0 	+7.29(+0.03%)
Mar 22, 2017 	24336 	24380 	24207 	24320 	0 	-272.71(-1.11%)
Mar 21, 2017 	24566 	24657 	24500 	24593 	0 	+91.13(+0.37%)
Mar 20, 2017 	24313 	24502 	24313 	24502 	0 	+192.06(+0.79%)
Mar 19, 2017 	24376 	24386 	24238 	24310 	0 	+0.00(+0.00%)
Mar 18, 2017 	24376 	24386 	24238 	24310 	0 	+0.00(+0.00%)
Mar 17, 2017 	24376 	24386 	24238 	24310 	0 	+21.65(+0.09%)
Mar 16, 2017 	24102 	24288 	24004 	24288 	0 	+495.43(+2.08%)
Mar 15, 2017 	23705 	23843 	23646 	23793 	0 	-35.10(-0.15%)
Mar 14, 2017 	23871 	23918 	23768 	23828 	0 	-1.72(-0.01%)
Mar 13, 2017 	23643 	23878 	23568 	23830 	0 	+261.00(+1.11%)
Mar 12, 2017 	23535 	23604 	23439 	23569 	0 	+0.00(+0.00%)
Mar 11, 2017 	23535 	23604 	23439 	23569 	0 	+0.00(+0.00%)
Mar 10, 2017 	23535 	23604 	23439 	23569 	0 	+67.11(+0.29%)
Mar 09, 2017 	23668 	23674 	23456 	23502 	0 	-280.71(-1.18%)
Mar 08, 2017 	23627 	23816 	23563 	23782 	0 	+101.20(+0.43%)
Mar 07, 2017 	23630 	23728 	23586 	23681 	0 	+84.79(+0.36%)
Mar 06, 2017 	23600 	23691 	23574 	23596 	0 	+43.56(+0.18%)
Mar 05, 2017 	23618 	23635 	23512 	23553 	0 	+0.00(+0.00%)
Mar 04, 2017 	23618 	23635 	23512 	23553 	0 	+0.00(+0.00%)
Mar 03, 2017 	23618 	23635 	23512 	23553 	0 	-175.35(-0.74%)
Mar 02, 2017 	24044 	24081 	23694 	23728 	0 	-48.42(-0.20%)
Feb 28, 2017 	23953 	24008 	23741 	23741 	0 	-184.32(-0.77%)
Feb 27, 2017 	23942 	24068 	23823 	23925 	0 	-40.65(-0.17%)
Feb 26, 2017 	24116 	24122 	23958 	23966 	0 	+0.00(+0.00%)
Feb 25, 2017 	24116 	24122 	23958 	23966 	0 	+0.00(+0.00%)
Feb 24, 2017 	24116 	24122 	23958 	23966 	0 	-149.16(-0.62%)
Feb 23, 2017 	24122 	24217 	24047 	24115 	0 	-87.10(-0.36%)
Feb 22, 2017 	24059 	24202 	24000 	24202 	0 	+238.33(+0.99%)
Feb 21, 2017 	24174 	24214 	23909 	23964 	0 	-182.45(-0.76%)
Feb 20, 2017 	24066 	24202 	24022 	24146 	0 	+112.34(+0.47%)
Feb 19, 2017 	24078 	24106 	23945 	24034 	0 	+0.00(+0.00%)
Feb 18, 2017 	24078 	24106 	23945 	24034 	0 	+0.00(+0.00%)
Feb 17, 2017 	24078 	24106 	23945 	24034 	0 	-73.96(-0.31%)
Feb 16, 2017 	24139 	24161 	23970 	24108 	0 	+112.83(+0.47%)
Feb 15, 2017 	23772 	24068 	23772 	23995 	0 	+291.86(+1.23%)
Feb 14, 2017 	23695 	23735 	23614 	23703 	0 	-7.97(-0.03%)
Feb 13, 2017 	23665 	23752 	23615 	23711 	0 	+136.00(+0.58%)
Feb 12, 2017 	23646 	23718 	23574 	23575 	0 	+0.00(+0.00%)
Feb 11, 2017 	23646 	23718 	23574 	23575 	0 	+0.00(+0.00%)
Feb 10, 2017 	23646 	23718 	23574 	23575 	0 	+49.84(+0.21%)
Feb 09, 2017 	23534 	23645 	23490 	23525 	0 	+40.01(+0.17%)
Feb 08, 2017 	23285 	23521 	23161 	23485 	0 	+153.56(+0.66%)
Feb 07, 2017 	23288 	23404 	23257 	23332 	0 	-16.67(-0.07%)
Feb 06, 2017 	23239 	23348 	23150 	23348 	0 	+219.03(+0.95%)
Feb 05, 2017 	23217 	23227 	22997 	23129 	0 	+0.00(+0.00%)
Feb 04, 2017 	23217 	23227 	22997 	23129 	0 	+0.00(+0.00%)
Feb 03, 2017 	23217 	23227 	22997 	23129 	0 	-55.31(-0.24%)
Feb 02, 2017 	23309 	23439 	23131 	23185 	0 	-133.87(-0.57%)
Feb 01, 2017 	23212 	23318 	23083 	23318 	0 	-42.39(-0.18%)
Jan 31, 2017 	23339 	23397 	23307 	23361 	0 	+0.00(+0.00%)
Jan 30, 2017 	23339 	23397 	23307 	23361 	0 	+0.00(+0.00%)
Jan 29, 2017 	23339 	23397 	23307 	23361 	0 	+0.00(+0.00%)
Jan 28, 2017 	23339 	23397 	23307 	23361 	0 	+0.00(+0.00%)
Jan 27, 2017 	23339 	23397 	23307 	23361 	0 	-13.39(-0.06%)
Jan 26, 2017 	23173 	23386 	23145 	23374 	0 	+325.05(+1.41%)
Jan 25, 2017 	23066 	23066 	22961 	23049 	0 	+99.26(+0.43%)
Jan 24, 2017 	22965 	22986 	22908 	22950 	0 	+51.34(+0.22%)
Jan 23, 2017 	22926 	23068 	22861 	22899 	0 	+12.61(+0.06%)
Jan 22, 2017 	22967 	22988 	22858 	22886 	0 	+0.00(+0.00%)
Jan 21, 2017 	22967 	22988 	22858 	22886 	0 	+0.00(+0.00%)
Jan 20, 2017 	22967 	22988 	22858 	22886 	0 	-164.05(-0.71%)
Jan 19, 2017 	23104 	23104 	22942 	23050 	0 	-48.30(-0.21%)
Jan 18, 2017 	22889 	23152 	22882 	23098 	0 	+257.29(+1.13%)
Jan 17, 2017 	22820 	22868 	22711 	22841 	0 	+122.82(+0.54%)
Jan 16, 2017 	22895 	22909 	22657 	22718 	0 	-219.23(-0.96%)
Jan 15, 2017 	22880 	22971 	22859 	22937 	0 	+0.00(+0.00%)
Jan 14, 2017 	22880 	22971 	22859 	22937 	0 	+0.00(+0.00%)
Jan 13, 2017 	22880 	22971 	22859 	22937 	0 	+108.36(+0.47%)
Jan 12, 2017 	22956 	22971 	22752 	22829 	0 	-106.33(-0.46%)
Jan 11, 2017 	22816 	22945 	22767 	22935 	0 	+190.50(+0.84%)
Jan 10, 2017 	22561 	22745 	22550 	22745 	0 	+186.16(+0.83%)
Jan 09, 2017 	22561 	22626 	22476 	22559 	0 	+55.68(+0.25%)
Jan 08, 2017 	22583 	22606 	22446 	22503 	0 	+0.00(+0.00%)
Jan 07, 2017 	22583 	22606 	22446 	22503 	0 	+0.00(+0.00%)
Jan 06, 2017 	22583 	22606 	22446 	22503 	0 	+46.32(+0.21%)
Jan 05, 2017 	22303 	22483 	22230 	22457 	0 	+322.22(+1.46%)
Jan 04, 2017 	22201 	22228 	22077 	22134 	0 	-15.93(-0.07%)
Jan 03, 2017 	21993 	22189 	21884 	22150 	0 	+149.84(+0.68%)
Jan 02, 2017 	21819 	22070 	21819 	22001 	0 	+0.00(+0.00%)
Jan 01, 2017 	21819 	22070 	21819 	22001 	0 	+0.00(+0.00%)
Dec 31, 2016 	21819 	22070 	21819 	22001 	0 	+0.00(+0.00%)
Dec 30, 2016 	21819 	22070 	21819 	22001 	0 	+209.65(+0.96%)
Dec 29, 2016 	21591 	21810 	21587 	21791 	0 	+36.17(+0.17%)
Dec 28, 2016 	21563 	21812 	21489 	21755 	0 	+179.98(+0.83%)
Dec 27, 2016 	21554 	21601 	21492 	21575 	0 	+0.00(+0.00%)
Dec 26, 2016 	21554 	21601 	21492 	21575 	0 	+0.00(+0.00%)
Dec 25, 2016 	21554 	21601 	21492 	21575 	0 	+0.00(+0.00%)
Dec 24, 2016 	21554 	21601 	21492 	21575 	0 	+0.00(+0.00%)
Dec 23, 2016 	21554 	21601 	21492 	21575 	0 	-61.44(-0.28%)
Dec 22, 2016 	21800 	21822 	21595 	21636 	0 	-173.60(-0.80%)
Dec 21, 2016 	21771 	21910 	21756 	21810 	0 	+80.74(+0.37%)
Dec 20, 2016 	21768 	21874 	21667 	21729 	0 	-103.62(-0.47%)
Dec 19, 2016 	21946 	21956 	21787 	21833 	0 	-188.07(-0.85%)
Dec 18, 2016 	21996 	22155 	21966 	22021 	0 	+0.00(+0.00%)
Dec 17, 2016 	21996 	22155 	21966 	22021 	0 	+0.00(+0.00%)
Dec 16, 2016 	21996 	22155 	21966 	22021 	0 	-38.65(-0.18%)
Dec 15, 2016 	22258 	22305 	21999 	22059 	0 	-397.22(-1.77%)
Dec 14, 2016 	22597 	22628 	22457 	22457 	0 	+9.92(+0.04%)
Dec 13, 2016 	22408 	22458 	22293 	22447 	0 	+13.68(+0.06%)
Dec 12, 2016 	22860 	22864 	22376 	22433 	0 	-327.96(-1.44%)
Dec 11, 2016 	22766 	22814 	22660 	22761 	0 	+0.00(+0.00%)
Dec 10, 2016 	22766 	22814 	22660 	22761 	0 	+0.00(+0.00%)
Dec 09, 2016 	22766 	22814 	22660 	22761 	0 	-100.86(-0.44%)
Dec 08, 2016 	23027 	23076 	22817 	22862 	0 	+60.92(+0.27%)
Dec 07, 2016 	22805 	22843 	22709 	22801 	0 	+125.77(+0.55%)
Dec 06, 2016 	22694 	22747 	22625 	22675 	0 	+169.60(+0.75%)
Dec 05, 2016 	22581 	22628 	22375 	22506 	0 	-59.27(-0.26%)
Dec 04, 2016 	22737 	22756 	22559 	22565 	0 	+0.00(+0.00%)
Dec 03, 2016 	22737 	22756 	22559 	22565 	0 	+0.00(+0.00%)
Dec 02, 2016 	22737 	22756 	22559 	22565 	0 	-313.41(-1.37%)
Dec 01, 2016 	22949 	23012 	22838 	22878 	0 	+88.46(+0.39%)
Nov 30, 2016 	22842 	22889 	22755 	22790 	0 	+52.70(+0.23%)
Nov 29, 2016 	22740 	22868 	22725 	22737 	0 	-93.50(-0.41%)
Nov 28, 2016 	22739 	22964 	22739 	22831 	0 	+107.12(+0.47%)
Nov 27, 2016 	22609 	22764 	22590 	22723 	0 	+0.00(+0.00%)
Nov 26, 2016 	22609 	22764 	22590 	22723 	0 	+0.00(+0.00%)
Nov 25, 2016 	22609 	22764 	22590 	22723 	0 	+114.96(+0.51%)
Nov 24, 2016 	22575 	22647 	22488 	22608 	0 	-68.20(-0.30%)
Nov 23, 2016 	22702 	22804 	22641 	22677 	0 	-1.38(-0.01%)
Nov 22, 2016 	22492 	22719 	22485 	22678 	0 	+320.29(+1.43%)
Nov 21, 2016 	22313 	22481 	22228 	22358 	0 	+13.57(+0.06%)
Nov 20, 2016 	22239 	22374 	22147 	22344 	0 	+0.00(+0.00%)
Nov 19, 2016 	22239 	22374 	22147 	22344 	0 	+0.00(+0.00%)
Nov 18, 2016 	22239 	22374 	22147 	22344 	0 	+81.33(+0.37%)
Nov 17, 2016 	22170 	22367 	22114 	22263 	0 	-17.65(-0.08%)
Nov 16, 2016 	22440 	22499 	22281 	22281 	0 	-43.38(-0.19%)
Nov 15, 2016 	22271 	22411 	22254 	22324 	0 	+101.69(+0.46%)
Nov 14, 2016 	22344 	22359 	22119 	22222 	0 	-308.87(-1.37%)
Nov 13, 2016 	22622 	22673 	22443 	22531 	0 	+0.00(+0.00%)
Nov 12, 2016 	22622 	22673 	22443 	22531 	0 	+0.00(+0.00%)
Nov 11, 2016 	22622 	22673 	22443 	22531 	0 	-308.02(-1.35%)
Nov 10, 2016 	22849 	22918 	22778 	22839 	0 	+423.92(+1.89%)
Nov 09, 2016 	23048 	23048 	21958 	22415 	0 	-494.28(-2.16%)
Nov 08, 2016 	22982 	22997 	22820 	22909 	0 	+108.07(+0.47%)
Nov 07, 2016 	22683 	22867 	22624 	22801 	0 	+158.78(+0.70%)
Nov 06, 2016 	22612 	22772 	22588 	22643 	0 	+0.00(+0.00%)
Nov 05, 2016 	22612 	22772 	22588 	22643 	0 	+0.00(+0.00%)
Nov 04, 2016 	22612 	22772 	22588 	22643 	0 	-40.89(-0.18%)
Nov 03, 2016 	22709 	22855 	22684 	22684 	0 	-126.99(-0.56%)
Nov 02, 2016 	22946 	22957 	22785 	22810 	0 	-336.57(-1.45%)
Nov 01, 2016 	23015 	23268 	23015 	23147 	0 	+212.53(+0.93%)
Oct 31, 2016 	22846 	23046 	22775 	22935 	0 	-20.27(-0.09%)
Oct 30, 2016 	23089 	23158 	22848 	22955 	0 	+0.00(+0.00%)
Oct 29, 2016 	23089 	23158 	22848 	22955 	0 	+0.00(+0.00%)
Oct 28, 2016 	23089 	23158 	22848 	22955 	0 	-177.54(-0.77%)
Oct 27, 2016 	23347 	23353 	23003 	23132 	0 	-193.08(-0.83%)
Oct 26, 2016 	23396 	23464 	23310 	23325 	0 	-239.68(-1.02%)
Oct 25, 2016 	23582 	23631 	23507 	23565 	0 	-38.97(-0.17%)
Oct 24, 2016 	23432 	23620 	23236 	23604 	0 	+229.68(+0.98%)
Oct 23, 2016 	23413 	23501 	23361 	23374 	0 	+0.00(+0.00%)
Oct 22, 2016 	23413 	23501 	23361 	23374 	0 	+0.00(+0.00%)
Oct 21, 2016 	23413 	23501 	23361 	23374 	0 	+0.00(+0.00%)
Oct 20, 2016 	23413 	23501 	23361 	23374 	0 	+69.43(+0.30%)
Oct 19, 2016 	23394 	23446 	23235 	23305 	0 	-89.42(-0.38%)
Oct 18, 2016 	23130 	23403 	23130 	23394 	0 	+356.85(+1.55%)
Oct 17, 2016 	23165 	23177 	22978 	23038 	0 	-195.77(-0.84%)
Oct 16, 2016 	23120 	23318 	23087 	23233 	0 	+0.00(+0.00%)
Oct 15, 2016 	23120 	23318 	23087 	23233 	0 	+0.00(+0.00%)
Oct 14, 2016 	23120 	23318 	23087 	23233 	0 	+202.01(+0.88%)
Oct 13, 2016 	23300 	23348 	23006 	23031 	0 	-375.75(-1.61%)
Oct 12, 2016 	23387 	23445 	23268 	23407 	0 	-142.47(-0.60%)
Oct 11, 2016 	24014 	24064 	23441 	23550 	0 	-302.30(-1.27%)
Oct 10, 2016 	23949 	23949 	23770 	23852 	0 	+0.00(+0.00%)
Oct 09, 2016 	23949 	23949 	23770 	23852 	0 	+0.00(+0.00%)
Oct 08, 2016 	23949 	23949 	23770 	23852 	0 	+0.00(+0.00%)
Oct 07, 2016 	23949 	23949 	23770 	23852 	0 	-100.68(-0.42%)
Oct 06, 2016 	23859 	24004 	23826 	23952 	0 	+164.19(+0.69%)
Oct 05, 2016 	23620 	23847 	23566 	23788 	0 	+98.87(+0.42%)
Oct 04, 2016 	23665 	23689 	23519 	23689 	0 	+105.01(+0.45%)
Oct 03, 2016 	23653 	23698 	23501 	23584 	0 	+287.28(+1.23%)
Sep 30, 2016 	23435 	23484 	23239 	23297 	0 	-442.32(-1.86%)
Sep 29, 2016 	23829 	23829 	23608 	23739 	0 	+119.82(+0.51%)
Sep 28, 2016 	23456 	23620 	23370 	23620 	0 	+47.75(+0.20%)
Sep 27, 2016 	23356 	23646 	23295 	23572 	0 	+253.98(+1.09%)
Sep 26, 2016 	23555 	23564 	23276 	23318 	0 	-368.56(-1.56%)
Sep 25, 2016 	23837 	23847 	23629 	23686 	0 	+0.00(+0.00%)
Sep 24, 2016 	23837 	23847 	23629 	23686 	0 	+0.00(+0.00%)
Sep 23, 2016 	23837 	23847 	23629 	23686 	0 	-73.32(-0.31%)
Sep 22, 2016 	23920 	24059 	23684 	23760 	0 	+89.90(+0.38%)
Sep 21, 2016 	23523 	23729 	23436 	23670 	0 	+139.04(+0.59%)
Sep 20, 2016 	23494 	23556 	23397 	23531 	0 	-19.59(-0.08%)
Sep 19, 2016 	23487 	23626 	23395 	23550 	0 	+214.86(+0.92%)
Sep 18, 2016 	23237 	23471 	23194 	23336 	0 	+0.00(+0.00%)
Sep 17, 2016 	23237 	23471 	23194 	23336 	0 	+0.00(+0.00%)
Sep 16, 2016 	23237 	23471 	23194 	23336 	0 	+0.00(+0.00%)
Sep 15, 2016 	23237 	23471 	23194 	23336 	0 	+144.95(+0.63%)
Sep 14, 2016 	23226 	23372 	23156 	23191 	0 	-25.12(-0.11%)
Sep 13, 2016 	23564 	23652 	23196 	23216 	0 	-74.84(-0.32%)
Sep 12, 2016 	23596 	23625 	23291 	23291 	0 	-809.10(-3.36%)
Sep 11, 2016 	23925 	24364 	23915 	24100 	0 	+0.00(+0.00%)
Sep 10, 2016 	23925 	24364 	23915 	24100 	0 	+0.00(+0.00%)
Sep 09, 2016 	23925 	24364 	23915 	24100 	0 	+180.36(+0.75%)
Sep 08, 2016 	23704 	23929 	23664 	23919 	0 	+177.53(+0.75%)
Sep 07, 2016 	23785 	23831 	23696 	23742 	0 	-45.87(-0.19%)
Sep 06, 2016 	23683 	23788 	23549 	23788 	0 	+138.13(+0.58%)
Sep 05, 2016 	23576 	23688 	23530 	23650 	0 	+382.85(+1.65%)
Sep 04, 2016 	23157 	23306 	23153 	23267 	0 	+0.00(+0.00%)
Sep 03, 2016 	23157 	23306 	23153 	23267 	0 	+0.00(+0.00%)
Sep 02, 2016 	23157 	23306 	23153 	23267 	0 	+104.36(+0.45%)
Sep 01, 2016 	22897 	23193 	22843 	23162 	0 	+185.46(+0.81%)
Aug 31, 2016 	23043 	23063 	22940 	22977 	0 	-39.23(-0.17%)
Aug 30, 2016 	22945 	23074 	22899 	23016 	0 	+194.77(+0.85%)
Aug 29, 2016 	22904 	22923 	22763 	22821 	0 	-88.20(-0.38%)
Aug 28, 2016 	22827 	22997 	22827 	22910 	0 	+0.00(+0.00%)
Aug 27, 2016 	22827 	22997 	22827 	22910 	0 	+0.00(+0.00%)
Aug 26, 2016 	22827 	22997 	22827 	22910 	0 	+101.45(+0.44%)
Aug 25, 2016 	22814 	22898 	22735 	22808 	0 	-12.69(-0.06%)
Aug 24, 2016 	23011 	23036 	22703 	22821 	0 	-178.15(-0.77%)
Aug 23, 2016 	22927 	22999 	22854 	22999 	0 	+1.02(+0.00%)
Aug 22, 2016 	22942 	23005 	22792 	22998 	0 	+60.69(+0.26%)
Aug 21, 2016 	23154 	23154 	22876 	22937 	0 	+0.00(+0.00%)
Aug 20, 2016 	23154 	23154 	22876 	22937 	0 	+0.00(+0.00%)
Aug 19, 2016 	23154 	23154 	22876 	22937 	0 	-85.94(-0.37%)
Aug 18, 2016 	23047 	23194 	22976 	23023 	0 	+223.38(+0.98%)
Aug 17, 2016 	22996 	23029 	22776 	22800 	0 	-111.06(-0.48%)
Aug 16, 2016 	23008 	23085 	22842 	22911 	0 	-21.67(-0.09%)
Aug 15, 2016 	22765 	22976 	22765 	22933 	0 	+165.60(+0.73%)
Aug 14, 2016 	22789 	22817 	22704 	22767 	0 	+0.00(+0.00%)
Aug 13, 2016 	22789 	22817 	22704 	22767 	0 	+0.00(+0.00%)
Aug 12, 2016 	22789 	22817 	22704 	22767 	0 	+186.36(+0.83%)
Aug 11, 2016 	22412 	22690 	22360 	22581 	0 	+88.12(+0.39%)
Aug 10, 2016 	22511 	22618 	22399 	22492 	0 	+26.82(+0.12%)
Aug 09, 2016 	22464 	22497 	22403 	22466 	0 	-29.15(-0.13%)
Aug 08, 2016 	22324 	22503 	22260 	22495 	0 	+348.67(+1.57%)
Aug 07, 2016 	21961 	22193 	21961 	22146 	0 	+0.00(+0.00%)
Aug 06, 2016 	21961 	22193 	21961 	22146 	0 	+0.00(+0.00%)
Aug 05, 2016 	21961 	22193 	21961 	22146 	0 	+313.86(+1.44%)
Aug 04, 2016 	21873 	21922 	21788 	21832 	0 	+93.11(+0.43%)
Aug 03, 2016 	21743 	21822 	21725 	21739 	0 	-390.02(-1.76%)
Aug 02, 2016 	22028 	22261 	22028 	22129 	0 	+0.00(+0.00%)
Aug 01, 2016 	22028 	22261 	22028 	22129 	0 	+237.77(+1.09%)
Jul 31, 2016 	22056 	22153 	21830 	21891 	0 	+0.00(+0.00%)
Jul 30, 2016 	22056 	22153 	21830 	21891 	0 	+0.00(+0.00%)
Jul 29, 2016 	22056 	22153 	21830 	21891 	0 	-282.97(-1.28%)
Jul 28, 2016 	22134 	22215 	22054 	22174 	0 	-44.65(-0.20%)
Jul 27, 2016 	22193 	22277 	21998 	22219 	0 	+89.26(+0.40%)
Jul 26, 2016 	21891 	22301 	21891 	22130 	0 	+136.29(+0.62%)
Jul 25, 2016 	22072 	22072 	21879 	21993 	0 	+29.17(+0.13%)
Jul 24, 2016 	21913 	21973 	21832 	21964 	0 	+0.00(+0.00%)
Jul 23, 2016 	21913 	21973 	21832 	21964 	0 	+0.00(+0.00%)
Jul 22, 2016 	21913 	21973 	21832 	21964 	0 	-36.22(-0.16%)
Jul 21, 2016 	21972 	22118 	21913 	22000 	0 	+118.01(+0.54%)
Jul 20, 2016 	21646 	21895 	21633 	21882 	0 	+209.28(+0.97%)
Jul 19, 2016 	21734 	21768 	21613 	21673 	0 	-129.98(-0.60%)
Jul 18, 2016 	21657 	21822 	21616 	21803 	0 	+143.93(+0.66%)
Jul 17, 2016 	21589 	21739 	21515 	21659 	0 	+0.00(+0.00%)
Jul 16, 2016 	21589 	21739 	21515 	21659 	0 	+0.00(+0.00%)
Jul 15, 2016 	21589 	21739 	21515 	21659 	0 	+98.19(+0.46%)
Jul 14, 2016 	21298 	21581 	21243 	21561 	0 	+238.69(+1.12%)
Jul 13, 2016 	21357 	21441 	21280 	21322 	0 	+97.63(+0.46%)
Jul 12, 2016 	21047 	21253 	20957 	21225 	0 	+344.24(+1.65%)
Jul 11, 2016 	20951 	20973 	20840 	20880 	0 	+316.33(+1.54%)
Jul 10, 2016 	20623 	20646 	20469 	20564 	0 	+0.00(+0.00%)
Jul 09, 2016 	20623 	20646 	20469 	20564 	0 	+0.00(+0.00%)
Jul 08, 2016 	20623 	20646 	20469 	20564 	0 	-142.75(-0.69%)
Jul 07, 2016 	20607 	20731 	20577 	20707 	0 	+211.63(+1.03%)
Jul 06, 2016 	20475 	20560 	20304 	20495 	0 	-255.43(-1.23%)
Jul 05, 2016 	20920 	20946 	20737 	20751 	0 	-308.48(-1.46%)
Jul 04, 2016 	20967 	21166 	20841 	21059 	0 	+264.83(+1.27%)
Jul 03, 2016 	20737 	20828 	20615 	20794 	0 	+0.00(+0.00%)
Jul 02, 2016 	20737 	20828 	20615 	20794 	0 	+0.00(+0.00%)
Jul 01, 2016 	20737 	20828 	20615 	20794 	0 	+0.00(+0.00%)
Jun 30, 2016 	20737 	20828 	20615 	20794 	0 	+358.25(+1.75%)
Jun 29, 2016 	20217 	20457 	20217 	20436 	0 	+263.66(+1.31%)
Jun 28, 2016 	19899 	20196 	19899 	20172 	0 	-54.84(-0.27%)
Jun 27, 2016 	19983 	20329 	19969 	20227 	0 	-31.83(-0.16%)
Jun 26, 2016 	20484 	21034 	19663 	20259 	0 	+0.00(+0.00%)
Jun 25, 2016 	20484 	21034 	19663 	20259 	0 	+0.00(+0.00%)
Jun 24, 2016 	20484 	21034 	19663 	20259 	0 	-609.21(-2.92%)
Jun 23, 2016 	20863 	20889 	20754 	20868 	0 	+73.22(+0.35%)
Jun 22, 2016 	20554 	20842 	20515 	20795 	0 	+126.68(+0.61%)
Jun 21, 2016 	20522 	20682 	20517 	20668 	0 	+158.24(+0.77%)
Jun 20, 2016 	20425 	20551 	20288 	20510 	0 	+340.22(+1.69%)
Jun 19, 2016 	20244 	20282 	20091 	20170 	0 	+0.00(+0.00%)
Jun 18, 2016 	20244 	20282 	20091 	20170 	0 	+0.00(+0.00%)
Jun 17, 2016 	20244 	20282 	20091 	20170 	0 	+131.56(+0.66%)
Jun 16, 2016 	20285 	20297 	19964 	20038 	0 	-429.10(-2.10%)
Jun 15, 2016 	20161 	20554 	20161 	20468 	0 	+79.99(+0.39%)
Jun 14, 2016 	20477 	20538 	20359 	20388 	0 	-125.46(-0.61%)
Jun 13, 2016 	20648 	20665 	20431 	20513 	0 	-529.65(-2.52%)
Jun 12, 2016 	21240 	21271 	21018 	21043 	0 	+0.00(+0.00%)
Jun 11, 2016 	21240 	21271 	21018 	21043 	0 	+0.00(+0.00%)
Jun 10, 2016 	21240 	21271 	21018 	21043 	0 	-255.24(-1.20%)
Jun 09, 2016 	21294 	21352 	21180 	21298 	0 	+0.00(+0.00%)
Jun 08, 2016 	21294 	21352 	21180 	21298 	0 	-30.36(-0.14%)
Jun 07, 2016 	21219 	21351 	21154 	21328 	0 	+298.02(+1.42%)
Jun 06, 2016 	20971 	21040 	20841 	21030 	0 	+82.98(+0.40%)
Jun 05, 2016 	20956 	21049 	20888 	20947 	0 	+0.00(+0.00%)
Jun 04, 2016 	20956 	21049 	20888 	20947 	0 	+0.00(+0.00%)
Jun 03, 2016 	20956 	21049 	20888 	20947 	0 	+88.02(+0.42%)
Jun 02, 2016 	20770 	20878 	20681 	20859 	0 	+98.24(+0.47%)
Jun 01, 2016 	20727 	20898 	20713 	20761 	0 	-54.11(-0.26%)
May 31, 2016 	20617 	20975 	20617 	20815 	0 	+185.70(+0.90%)
May 30, 2016 	20524 	20766 	20466 	20629 	0 	+52.62(+0.26%)
May 29, 2016 	20425 	20620 	20291 	20577 	0 	+0.00(+0.00%)
May 28, 2016 	20425 	20620 	20291 	20577 	0 	+0.00(+0.00%)
May 27, 2016 	20425 	20620 	20291 	20577 	0 	+179.66(+0.88%)
May 26, 2016 	20373 	20405 	20250 	20397 	0 	+29.06(+0.14%)
May 25, 2016 	20157 	20380 	20157 	20368 	0 	+537.62(+2.71%)
May 24, 2016 	19828 	19870 	19713 	19830 	0 	+21.40(+0.11%)
May 23, 2016 	19788 	19955 	19751 	19809 	0 	-43.17(-0.22%)
May 22, 2016 	19632 	19954 	19632 	19852 	0 	+0.00(+0.00%)
May 21, 2016 	19632 	19954 	19632 	19852 	0 	+0.00(+0.00%)
May 20, 2016 	19632 	19954 	19632 	19852 	0 	+157.87(+0.80%)
May 19, 2016 	19730 	19793 	19646 	19694 	0 	-132.08(-0.67%)
May 18, 2016 	19862 	19924 	19749 	19826 	0 	-292.39(-1.45%)
May 17, 2016 	19987 	20146 	19848 	20119 	0 	+234.85(+1.18%)
May 16, 2016 	19712 	19999 	19706 	19884 	0 	+164.66(+0.84%)
May 15, 2016 	19843 	19882 	19595 	19719 	0 	+0.00(+0.00%)
May 14, 2016 	19843 	19882 	19595 	19719 	0 	+0.00(+0.00%)
May 13, 2016 	19843 	19882 	19595 	19719 	0 	-196.17(-0.99%)
May 12, 2016 	20100 	20100 	19864 	19915 	0 	-139.83(-0.70%)
May 11, 2016 	20348 	20348 	20009 	20055 	0 	-187.39(-0.93%)
May 10, 2016 	19962 	20294 	19962 	20243 	0 	+85.87(+0.43%)
May 09, 2016 	20280 	20303 	20126 	20157 	0 	+46.94(+0.23%)
May 08, 2016 	20357 	20378 	20059 	20110 	0 	+0.00(+0.00%)
May 07, 2016 	20357 	20378 	20059 	20110 	0 	+0.00(+0.00%)
May 06, 2016 	20357 	20378 	20059 	20110 	0 	-339.95(-1.66%)
May 05, 2016 	20364 	20535 	20343 	20450 	0 	-76.01(-0.37%)
May 04, 2016 	20556 	20580 	20411 	20526 	0 	-151.11(-0.73%)
May 03, 2016 	21062 	21062 	20668 	20677 	0 	-390.11(-1.85%)
May 02, 2016 	21215 	21235 	21024 	21067 	0 	+0.00(+0.00%)
May 01, 2016 	21215 	21235 	21024 	21067 	0 	+0.00(+0.00%)
Apr 30, 2016 	21215 	21235 	21024 	21067 	0 	+0.00(+0.00%)
Apr 29, 2016 	21215 	21235 	21024 	21067 	0 	-320.98(-1.50%)
Apr 28, 2016 	21489 	21654 	21255 	21388 	0 	+26.43(+0.12%)
Apr 27, 2016 	21372 	21443 	21277 	21362 	0 	-45.67(-0.21%)
Apr 26, 2016 	21380 	21420 	21081 	21407 	0 	+102.83(+0.48%)
Apr 25, 2016 	21409 	21431 	21254 	21304 	0 	-162.60(-0.76%)
Apr 24, 2016 	21448 	21496 	21359 	21467 	0 	+0.00(+0.00%)
Apr 23, 2016 	21448 	21496 	21359 	21467 	0 	+0.00(+0.00%)
Apr 22, 2016 	21448 	21496 	21359 	21467 	0 	-155.21(-0.72%)
Apr 21, 2016 	21406 	21635 	21332 	21622 	0 	+385.94(+1.82%)
Apr 20, 2016 	21453 	21453 	21103 	21236 	0 	-199.90(-0.93%)
Apr 19, 2016 	21438 	21459 	21259 	21436 	0 	+274.71(+1.30%)
Apr 18, 2016 	21130 	21172 	21003 	21162 	0 	-154.97(-0.73%)
Apr 17, 2016 	21375 	21423 	21234 	21316 	0 	+0.00(+0.00%)
Apr 16, 2016 	21375 	21423 	21234 	21316 	0 	+0.00(+0.00%)
Apr 15, 2016 	21375 	21423 	21234 	21316 	0 	-21.34(-0.10%)
Apr 14, 2016 	21457 	21511 	21266 	21338 	0 	+179.10(+0.85%)
Apr 13, 2016 	20739 	21171 	20717 	21159 	0 	+654.27(+3.19%)
Apr 12, 2016 	20441 	20546 	20408 	20504 	0 	+63.63(+0.31%)
Apr 11, 2016 	20256 	20551 	20241 	20441 	0 	+70.41(+0.35%)
Apr 10, 2016 	20062 	20370 	20045 	20370 	0 	+0.00(+0.00%)
Apr 09, 2016 	20062 	20370 	20045 	20370 	0 	+0.00(+0.00%)
Apr 08, 2016 	20062 	20370 	20045 	20370 	0 	+104.35(+0.51%)
Apr 07, 2016 	20298 	20371 	20166 	20266 	0 	+59.38(+0.29%)
Apr 06, 2016 	20100 	20250 	20100 	20207 	0 	+29.67(+0.15%)
Apr 05, 2016 	20312 	20312 	20117 	20177 	0 	-321.92(-1.57%)
Apr 04, 2016 	20786 	20786 	20455 	20499 	0 	+0.00(+0.00%)
Apr 03, 2016 	20786 	20786 	20455 	20499 	0 	+0.00(+0.00%)
Apr 02, 2016 	20786 	20786 	20455 	20499 	0 	+0.00(+0.00%)
Apr 01, 2016 	20786 	20786 	20455 	20499 	0 	-277.78(-1.34%)
Mar 31, 2016 	20811 	20873 	20689 	20777 	0 	-26.69(-0.13%)
Mar 30, 2016 	20545 	20821 	20541 	20803 	0 	+437.09(+2.15%)
Mar 29, 2016 	20386 	20386 	20250 	20366 	0 	+20.69(+0.10%)
Mar 28, 2016 	20451 	20499 	20269 	20346 	0 	+0.00(+0.00%)
Mar 27, 2016 	20451 	20499 	20269 	20346 	0 	+0.00(+0.00%)
Mar 26, 2016 	20451 	20499 	20269 	20346 	0 	+0.00(+0.00%)
Mar 25, 2016 	20451 	20499 	20269 	20346 	0 	+0.00(+0.00%)
Mar 24, 2016 	20451 	20499 	20269 	20346 	0 	-269.62(-1.31%)
Mar 23, 2016 	20629 	20693 	20514 	20615 	0 	-51.52(-0.25%)
Mar 22, 2016 	20765 	20765 	20577 	20667 	0 	-17.40(-0.08%)
Mar 21, 2016 	20738 	20772 	20619 	20684 	0 	+12.52(+0.06%)
Mar 20, 2016 	20599 	20688 	20515 	20672 	0 	+0.00(+0.00%)
Mar 19, 2016 	20599 	20688 	20515 	20672 	0 	+0.00(+0.00%)
Mar 18, 2016 	20599 	20688 	20515 	20672 	0 	+167.82(+0.82%)
Mar 17, 2016 	20580 	20619 	20436 	20504 	0 	+246.11(+1.21%)
Mar 16, 2016 	20340 	20383 	20169 	20258 	0 	-31.07(-0.15%)
Mar 15, 2016 	20298 	20367 	20255 	20289 	0 	-146.57(-0.72%)
Mar 14, 2016 	20372 	20512 	20329 	20435 	0 	+235.74(+1.17%)
Mar 13, 2016 	19901 	20239 	19854 	20200 	0 	+0.00(+0.00%)
Mar 12, 2016 	19901 	20239 	19854 	20200 	0 	+0.00(+0.00%)
Mar 11, 2016 	19901 	20239 	19854 	20200 	0 	+215.18(+1.08%)
Mar 10, 2016 	20055 	20184 	19924 	19984 	0 	-11.84(-0.06%)
Mar 09, 2016 	19899 	20005 	19818 	19996 	0 	-15.32(-0.08%)
Mar 08, 2016 	20132 	20138 	19903 	20012 	0 	-148.14(-0.73%)
Mar 07, 2016 	20306 	20332 	20096 	20160 	0 	-16.98(-0.08%)
Mar 06, 2016 	20052 	20200 	19977 	20177 	0 	+0.00(+0.00%)
Mar 05, 2016 	20052 	20200 	19977 	20177 	0 	+0.00(+0.00%)
Mar 04, 2016 	20052 	20200 	19977 	20177 	0 	+234.94(+1.18%)
Mar 03, 2016 	20082 	20082 	19792 	19942 	0 	-61.73(-0.31%)
Mar 02, 2016 	19788 	20058 	19784 	20003 	0 	+596.03(+3.07%)
Feb 29, 2016 	19366 	19378 	19054 	19112 	0 	-252.22(-1.30%)
Feb 28, 2016 	19180 	19437 	19123 	19364 	0 	+0.00(+0.00%)
Feb 27, 2016 	19180 	19437 	19123 	19364 	0 	+0.00(+0.00%)
Feb 26, 2016 	19180 	19437 	19123 	19364 	0 	+475.40(+2.52%)
Feb 25, 2016 	19215 	19215 	18868 	18889 	0 	-303.70(-1.58%)
Feb 24, 2016 	19282 	19361 	19060 	19192 	0 	-222.33(-1.15%)
Feb 23, 2016 	19507 	19520 	19328 	19415 	0 	-49.31(-0.25%)
Feb 22, 2016 	19374 	19525 	19374 	19464 	0 	+178.59(+0.93%)
Feb 21, 2016 	19238 	19342 	19211 	19286 	0 	+0.00(+0.00%)
Feb 20, 2016 	19238 	19342 	19211 	19286 	0 	+0.00(+0.00%)
Feb 19, 2016 	19238 	19342 	19211 	19286 	0 	-77.58(-0.40%)
Feb 18, 2016 	19409 	19436 	19266 	19363 	0 	+438.51(+2.32%)
Feb 17, 2016 	19198 	19309 	18909 	18925 	0 	-197.51(-1.03%)
Feb 16, 2016 	19014 	19261 	18975 	19122 	0 	+203.94(+1.08%)
Feb 15, 2016 	18669 	18937 	18669 	18918 	0 	+598.56(+3.27%)
Feb 14, 2016 	18279 	18482 	18279 	18320 	0 	+0.00(+0.00%)
Feb 13, 2016 	18279 	18482 	18279 	18320 	0 	+0.00(+0.00%)
Feb 12, 2016 	18279 	18482 	18279 	18320 	0 	-226.22(-1.22%)
Feb 11, 2016 	18487 	18628 	18447 	18546 	0 	-742.37(-3.85%)
Feb 10, 2016 	19287 	19398 	19230 	19288 	0 	+0.00(+0.00%)
Feb 09, 2016 	19287 	19398 	19230 	19288 	0 	+0.00(+0.00%)
Feb 08, 2016 	19287 	19398 	19230 	19288 	0 	+0.00(+0.00%)
Feb 07, 2016 	19287 	19398 	19230 	19288 	0 	+0.00(+0.00%)
Feb 06, 2016 	19287 	19398 	19230 	19288 	0 	+0.00(+0.00%)
Feb 05, 2016 	19287 	19398 	19230 	19288 	0 	+105.08(+0.55%)
Feb 04, 2016 	19190 	19338 	19166 	19183 	0 	+191.50(+1.01%)
Feb 03, 2016 	18911 	19033 	18765 	18992 	0 	-455.25(-2.34%)
Feb 02, 2016 	19475 	19629 	19403 	19447 	0 	-148.66(-0.76%)
Feb 01, 2016 	19771 	19771 	19444 	19596 	0 	-87.61(-0.45%)
Jan 31, 2016 	19138 	19710 	19131 	19683 	0 	+0.00(+0.00%)
Jan 30, 2016 	19138 	19710 	19131 	19683 	0 	+0.00(+0.00%)
Jan 29, 2016 	19138 	19710 	19131 	19683 	0 	+487.28(+2.54%)
Jan 28, 2016 	19094 	19224 	18982 	19196 	0 	+143.38(+0.75%)
Jan 27, 2016 	19212 	19217 	18931 	19052 	0 	+191.65(+1.02%)
Jan 26, 2016 	19069 	19098 	18812 	18861 	0 	-479.34(-2.48%)
Jan 25, 2016 	19341 	19490 	19292 	19340 	0 	+259.63(+1.36%)
Jan 24, 2016 	19001 	19153 	18770 	19081 	0 	+0.00(+0.00%)
Jan 23, 2016 	19001 	19153 	18770 	19081 	0 	+0.00(+0.00%)
Jan 22, 2016 	19001 	19153 	18770 	19081 	0 	+538.36(+2.90%)
Jan 21, 2016 	19079 	19238 	18534 	18542 	0 	-344.15(-1.82%)
Jan 20, 2016 	19332 	19332 	18834 	18886 	0 	-749.51(-3.82%)
Jan 19, 2016 	19284 	19648 	19204 	19636 	0 	+398.36(+2.07%)
Jan 18, 2016 	19287 	19439 	19196 	19237 	0 	-283.32(-1.45%)
Jan 17, 2016 	19781 	19829 	19500 	19521 	0 	+0.00(+0.00%)
Jan 16, 2016 	19781 	19829 	19500 	19521 	0 	+0.00(+0.00%)
Jan 15, 2016 	19781 	19829 	19500 	19521 	0 	-296.64(-1.50%)
Jan 14, 2016 	19579 	19894 	19509 	19817 	0 	-117.47(-0.59%)
Jan 13, 2016 	20029 	20235 	19851 	19935 	0 	+223.12(+1.13%)
Jan 12, 2016 	20030 	20131 	19695 	19712 	0 	-176.74(-0.89%)
Jan 11, 2016 	19997 	20069 	19865 	19888 	0 	-565.21(-2.76%)
Jan 10, 2016 	20492 	20596 	20325 	20454 	0 	+0.00(+0.00%)
Jan 09, 2016 	20492 	20596 	20325 	20454 	0 	+0.00(+0.00%)
Jan 08, 2016 	20492 	20596 	20325 	20454 	0 	+120.37(+0.59%)
Jan 07, 2016 	20773 	20826 	20324 	20333 	0 	-647.47(-3.09%)
Jan 06, 2016 	21143 	21200 	20947 	20981 	0 	-207.91(-0.98%)
Jan 05, 2016 	21319 	21453 	21096 	21189 	0 	-138.40(-0.65%)
Jan 04, 2016 	21783 	21795 	21228 	21327 	0 	-587.28(-2.68%)
Jan 03, 2016 	21892 	21970 	21864 	21914 	0 	+0.00(+0.00%)
Jan 02, 2016 	21892 	21970 	21864 	21914 	0 	+0.00(+0.00%)
Jan 01, 2016 	21892 	21970 	21864 	21914 	0 	+0.00(+0.00%)
Dec 31, 2015 	21892 	21970 	21864 	21914 	0 	+32.25(+0.15%)
Dec 30, 2015 	22095 	22115 	21868 	21882 	0 	-117.47(-0.53%)
Dec 29, 2015 	21923 	22024 	21882 	22000 	0 	+80.00(+0.36%)
Dec 28, 2015 	22152 	22152 	21881 	21920 	0 	-218.51(-0.99%)
Dec 27, 2015 	22208 	22217 	22129 	22138 	0 	+0.00(+0.00%)
Dec 26, 2015 	22208 	22217 	22129 	22138 	0 	+0.00(+0.00%)
Dec 25, 2015 	22208 	22217 	22129 	22138 	0 	+0.00(+0.00%)
Dec 24, 2015 	22208 	22217 	22129 	22138 	0 	+97.54(+0.44%)
Dec 23, 2015 	21869 	22104 	21846 	22041 	0 	+210.57(+0.96%)
Dec 22, 2015 	21847 	21870 	21751 	21830 	0 	+38.34(+0.18%)
Dec 21, 2015 	21641 	21871 	21641 	21792 	0 	+36.12(+0.17%)
Dec 20, 2015 	21657 	21956 	21626 	21756 	0 	+0.00(+0.00%)
Dec 19, 2015 	21657 	21956 	21626 	21756 	0 	+0.00(+0.00%)
Dec 18, 2015 	21657 	21956 	21626 	21756 	0 	-116.50(-0.53%)
Dec 17, 2015 	21841 	22005 	21764 	21872 	0 	+170.85(+0.79%)
Dec 16, 2015 	21558 	21773 	21558 	21701 	0 	+426.84(+2.01%)
Dec 15, 2015 	21216 	21442 	21216 	21274 	0 	-35.48(-0.17%)
Dec 14, 2015 	21063 	21378 	21010 	21310 	0 	-154.20(-0.72%)
Dec 13, 2015 	21719 	21731 	21441 	21464 	0 	+0.00(+0.00%)
Dec 12, 2015 	21719 	21731 	21441 	21464 	0 	+0.00(+0.00%)
Dec 11, 2015 	21719 	21731 	21441 	21464 	0 	-240.56(-1.11%)
Dec 10, 2015 	21714 	21880 	21668 	21705 	0 	-99.15(-0.45%)
Dec 09, 2015 	21774 	21872 	21756 	21804 	0 	-101.37(-0.46%)
Dec 08, 2015 	22059 	22059 	21766 	21905 	0 	-298.09(-1.34%)
Dec 07, 2015 	22336 	22352 	22201 	22203 	0 	-32.67(-0.15%)
Dec 06, 2015 	22142 	22242 	22108 	22236 	0 	+0.00(+0.00%)
Dec 05, 2015 	22142 	22242 	22108 	22236 	0 	+0.00(+0.00%)
Dec 04, 2015 	22142 	22242 	22108 	22236 	0 	-181.12(-0.81%)
Dec 03, 2015 	22327 	22485 	22327 	22417 	0 	-62.68(-0.28%)
Dec 02, 2015 	22471 	22563 	22369 	22480 	0 	+98.34(+0.44%)
Dec 01, 2015 	22198 	22478 	22144 	22381 	0 	+384.93(+1.75%)
Nov 30, 2015 	21975 	22195 	21907 	21996 	0 	-71.90(-0.33%)
Nov 29, 2015 	22555 	22555 	22051 	22068 	0 	+0.00(+0.00%)
Nov 28, 2015 	22555 	22555 	22051 	22068 	0 	+0.00(+0.00%)
Nov 27, 2015 	22555 	22555 	22051 	22068 	0 	-420.62(-1.87%)
Nov 26, 2015 	22750 	22788 	22454 	22489 	0 	-9.06(-0.04%)
Nov 25, 2015 	22534 	22617 	22436 	22498 	0 	-89.63(-0.40%)
Nov 24, 2015 	22593 	22630 	22434 	22588 	0 	-78.27(-0.35%)
Nov 23, 2015 	22760 	22803 	22620 	22666 	0 	-88.82(-0.39%)
Nov 22, 2015 	22510 	22790 	22412 	22755 	0 	+0.00(+0.00%)
Nov 21, 2015 	22510 	22790 	22412 	22755 	0 	+0.00(+0.00%)
Nov 20, 2015 	22510 	22790 	22412 	22755 	0 	+254.50(+1.13%)
Nov 19, 2015 	22424 	22559 	22416 	22500 	0 	+311.96(+1.41%)
Nov 18, 2015 	22332 	22350 	22163 	22188 	0 	-75.99(-0.34%)
Nov 17, 2015 	22315 	22497 	22244 	22264 	0 	+0.00(+0.00%)
Nov 16, 2015 					0 	+0.00(+0.00%)
Nov 15, 2015 	22494 	22519 	22319 	22396 	0 	+0.00(+0.00%)
Nov 14, 2015 	22494 	22519 	22319 	22396 	0 	+0.00(+0.00%)
Nov 13, 2015 	22494 	22519 	22319 	22396 	0 	-492.78(-2.15%)
Nov 12, 2015 	22478 	22981 	22455 	22889 	0 	+536.75(+2.40%)
Nov 11, 2015 	22394 	22479 	22324 	22352 	0 	-49.53(-0.22%)
Nov 10, 2015 	22506 	22535 	22340 	22402 	0 	-325.07(-1.43%)
Nov 09, 2015 	22754 	22971 	22689 	22727 	0 	-140.56(-0.61%)
Nov 08, 2015 	22914 	22923 	22792 	22867 	0 	+0.00(+0.00%)
Nov 07, 2015 	22914 	22923 	22792 	22867 	0 	+0.00(+0.00%)
Nov 06, 2015 	22914 	22923 	22792 	22867 	0 	-183.71(-0.80%)
Nov 05, 2015 	23045 	23180 	22961 	23051 	0 	-2.53(-0.01%)
Nov 04, 2015 	22737 	23342 	22737 	23054 	0 	+485.14(+2.15%)
Nov 03, 2015 	22603 	22697 	22560 	22568 	0 	+198.39(+0.89%)
Nov 02, 2015 	22502 	22606 	22333 	22370 	0 	-270.00(-1.19%)
Nov 01, 2015 	22786 	22847 	22613 	22640 	0 	+0.00(+0.00%)
Oct 31, 2015 	22786 	22847 	22613 	22640 	0 	+0.00(+0.00%)
Oct 30, 2015 	22786 	22847 	22613 	22640 	0 	-179.90(-0.79%)
Oct 29, 2015 	23055 	23055 	22811 	22820 	0 	-136.63(-0.60%)
Oct 28, 2015 	23071 	23120 	22924 	22957 	0 	-186.16(-0.80%)
Oct 27, 2015 	23053 	23144 	22885 	23143 	0 	+26.48(+0.11%)
Oct 26, 2015 	23424 	23424 	23067 	23116 	0 	-35.69(-0.15%)
Oct 25, 2015 	23220 	23220 	23088 	23152 	0 	+0.00(+0.00%)
Oct 24, 2015 	23220 	23220 	23088 	23152 	0 	+0.00(+0.00%)
Oct 23, 2015 	23220 	23220 	23088 	23152 	0 	+306.57(+1.34%)
Oct 22, 2015 	22796 	22870 	22728 	22845 	0 	-143.85(-0.63%)
Oct 21, 2015 	22992 	23058 	22843 	22989 	0 	+0.00(+0.00%)
Oct 20, 2015 	22992 	23058 	22843 	22989 	0 	-86.39(-0.37%)
Oct 19, 2015 	23086 	23101 	22914 	23076 	0 	+8.24(+0.04%)
Oct 18, 2015 	23134 	23178 	22954 	23067 	0 	+0.00(+0.00%)
Oct 17, 2015 	23134 	23178 	22954 	23067 	0 	+0.00(+0.00%)
Oct 16, 2015 	23134 	23178 	22954 	23067 	0 	+179.20(+0.78%)
Oct 15, 2015 	22667 	22940 	22568 	22888 	0 	+448.26(+2.00%)
Oct 14, 2015 	22399 	22576 	22357 	22440 	0 	-160.55(-0.71%)
Oct 13, 2015 	22678 	22799 	22516 	22600 	0 	-130.47(-0.57%)
Oct 12, 2015 	22614 	22780 	22562 	22731 	0 	+272.13(+1.21%)
Oct 11, 2015 	22616 	22808 	22441 	22459 	0 	+0.00(+0.00%)
Oct 10, 2015 	22616 	22808 	22441 	22459 	0 	+0.00(+0.00%)
Oct 09, 2015 	22616 	22808 	22441 	22459 	0 	+103.89(+0.46%)
Oct 08, 2015 	22589 	22589 	22201 	22355 	0 	-160.85(-0.71%)
Oct 07, 2015 	21885 	22528 	21817 	22516 	0 	+684.14(+3.13%)
Oct 06, 2015 	22169 	22169 	21719 	21832 	0 	-22.88(-0.10%)
Oct 05, 2015 	21931 	21981 	21740 	21854 	0 	+348.41(+1.62%)
Oct 04, 2015 	21173 	21531 	21130 	21506 	0 	+0.00(+0.00%)
Oct 03, 2015 	21173 	21531 	21130 	21506 	0 	+0.00(+0.00%)
Oct 02, 2015 	21173 	21531 	21130 	21506 	0 	+659.79(+3.17%)
Oct 01, 2015 	20796 	20939 	20683 	20846 	0 	+0.00(+0.00%)
Sep 30, 2015 	20796 	20939 	20683 	20846 	0 	+289.70(+1.41%)
Sep 29, 2015 	20579 	20579 	20368 	20557 	0 	-629.72(-2.97%)
Sep 28, 2015 	21070 	21318 	20958 	21186 	0 	+0.00(+0.00%)
Sep 27, 2015 	21070 	21318 	20958 	21186 	0 	+0.00(+0.00%)
Sep 26, 2015 	21070 	21318 	20958 	21186 	0 	+0.00(+0.00%)
Sep 25, 2015 	21070 	21318 	20958 	21186 	0 	+90.34(+0.43%)
Sep 24, 2015 	21305 	21363 	21054 	21096 	0 	-206.93(-0.97%)
Sep 23, 2015 	21529 	21577 	21009 	21303 	0 	-493.67(-2.26%)
Sep 22, 2015 	21794 	22112 	21769 	21797 	0 	+39.65(+0.18%)
Sep 21, 2015 	21614 	21778 	21591 	21757 	0 	-163.90(-0.75%)
Sep 20, 2015 	21807 	22052 	21807 	21921 	0 	+0.00(+0.00%)
Sep 19, 2015 	21807 	22052 	21807 	21921 	0 	+0.00(+0.00%)
Sep 18, 2015 	21807 	22052 	21807 	21921 	0 	+66.20(+0.30%)
Sep 17, 2015 	22173 	22203 	21719 	21855 	0 	-112.03(-0.51%)
Sep 16, 2015 	21731 	22103 	21608 	21967 	0 	+511.43(+2.38%)
Sep 15, 2015 	21528 	21634 	21411 	21455 	0 	-106.67(-0.49%)
Sep 14, 2015 	21679 	21762 	21442 	21562 	0 	+57.53(+0.27%)
Sep 13, 2015 	21710 	21910 	21472 	21504 	0 	+0.00(+0.00%)
Sep 12, 2015 	21710 	21910 	21472 	21504 	0 	+0.00(+0.00%)
Sep 11, 2015 	21710 	21910 	21472 	21504 	0 	-58.13(-0.27%)
Sep 10, 2015 	21668 	21772 	21492 	21562 	0 	-568.81(-2.57%)
Sep 09, 2015 	21633 	22229 	21530 	22131 	0 	+872.27(+4.10%)
Sep 08, 2015 	20637 	21432 	20525 	21259 	0 	+675.52(+3.28%)
Sep 07, 2015 	20683 	21056 	20580 	20584 	0 	-257.09(-1.23%)
Sep 06, 2015 	21159 	21175 	20715 	20841 	0 	+0.00(+0.00%)
Sep 05, 2015 	21159 	21175 	20715 	20841 	0 	+0.00(+0.00%)
Sep 04, 2015 	21159 	21175 	20715 	20841 	0 	-94.33(-0.45%)
Sep 03, 2015 	21101 	21289 	20772 	20935 	0 	+0.00(+0.00%)
Sep 02, 2015 	21101 	21289 	20772 	20935 	0 	-250.49(-1.18%)
Sep 01, 2015 	21693 	21693 	21171 	21185 	0 	-485.15(-2.24%)
Aug 31, 2015 	21793 	21793 	21400 	21671 	0 	+58.19(+0.27%)
Aug 30, 2015 	22424 	22424 	21585 	21612 	0 	+0.00(+0.00%)
Aug 29, 2015 	22424 	22424 	21585 	21612 	0 	+0.00(+0.00%)
Aug 28, 2015 	22424 	22424 	21585 	21612 	0 	-226.15(-1.04%)
Aug 27, 2015 	21759 	21963 	21408 	21839 	0 	+758.15(+3.60%)
Aug 26, 2015 	21434 	21686 	21060 	21080 	0 	-324.57(-1.52%)
Aug 25, 2015 	21120 	21871 	20865 	21405 	0 	+153.39(+0.72%)
Aug 24, 2015 	21606 	21679 	21136 	21252 	0 	-1158.05(-5.17%)
Aug 23, 2015 	22343 	22493 	22186 	22410 	0 	+0.00(+0.00%)
Aug 22, 2015 	22343 	22493 	22186 	22410 	0 	+0.00(+0.00%)
Aug 21, 2015 	22343 	22493 	22186 	22410 	0 	-347.85(-1.53%)
Aug 20, 2015 	22974 	23034 	22611 	22757 	0 	-410.38(-1.77%)
Aug 19, 2015 	23555 	23587 	23139 	23168 	0 	-307.12(-1.31%)
Aug 18, 2015 	23957 	24024 	23464 	23475 	0 	-339.68(-1.43%)
Aug 17, 2015 	23946 	23951 	23700 	23815 	0 	-176.38(-0.74%)
Aug 16, 2015 	24055 	24126 	23957 	23991 	0 	+0.00(+0.00%)
Aug 15, 2015 	24055 	24126 	23957 	23991 	0 	+0.00(+0.00%)
Aug 14, 2015 	24055 	24126 	23957 	23991 	0 	-27.77(-0.12%)
Aug 13, 2015 	23935 	24134 	23861 	24019 	0 	+102.78(+0.43%)
Aug 12, 2015 	24269 	24324 	23827 	23916 	0 	-582.19(-2.38%)
Aug 11, 2015 	24695 	24924 	24421 	24498 	0 	-22.91(-0.09%)
Aug 10, 2015 	24434 	24603 	24136 	24521 	0 	-31.35(-0.13%)
Aug 09, 2015 	24328 	24642 	24328 	24552 	0 	+0.00(+0.00%)
Aug 08, 2015 	24328 	24642 	24328 	24552 	0 	+0.00(+0.00%)
Aug 07, 2015 	24328 	24642 	24328 	24552 	0 	+177.19(+0.73%)
Aug 06, 2015 	24528 	24528 	24321 	24375 	0 	-138.88(-0.57%)
Aug 05, 2015 	24466 	24582 	24421 	24514 	0 	+108.04(+0.44%)
Aug 04, 2015 	24364 	24519 	24218 	24406 	0 	-5.30(-0.02%)
Aug 03, 2015 	24533 	24533 	24233 	24411 	0 	-224.86(-0.91%)
Aug 02, 2015 	24651 	24661 	24468 	24636 	0 	+0.00(+0.00%)
Aug 01, 2015 	24651 	24661 	24468 	24636 	0 	+0.00(+0.00%)
Jul 31, 2015 	24651 	24661 	24468 	24636 	0 	+138.30(+0.56%)
Jul 30, 2015 	24822 	24873 	24478 	24498 	0 	-121.47(-0.49%)
Jul 29, 2015 	24630 	24719 	24444 	24619 	0 	+115.51(+0.47%)
Jul 28, 2015 	24270 	24947 	24141 	24504 	0 	+151.98(+0.62%)
Jul 27, 2015 	24907 	24909 	24282 	24352 	0 	-776.55(-3.09%)
Jul 26, 2015 	25280 	25280 	25073 	25129 	0 	+0.00(+0.00%)
Jul 25, 2015 	25280 	25280 	25073 	25129 	0 	+0.00(+0.00%)
Jul 24, 2015 	25280 	25280 	25073 	25129 	0 	-270.34(-1.06%)
Jul 23, 2015 	25309 	25501 	25250 	25399 	0 	+116.23(+0.46%)
Jul 22, 2015 	25402 	25402 	25178 	25283 	0 	-253.81(-0.99%)
Jul 21, 2015 	25429 	25634 	25343 	25536 	0 	+131.62(+0.52%)
Jul 20, 2015 	25540 	25540 	25299 	25405 	0 	-10.46(-0.04%)
Jul 19, 2015 	25247 	25517 	25184 	25415 	0 	+0.00(+0.00%)
Jul 18, 2015 	25247 	25517 	25184 	25415 	0 	+0.00(+0.00%)
Jul 17, 2015 	25247 	25517 	25184 	25415 	0 	+252.49(+1.00%)
Jul 16, 2015 	24976 	25170 	24841 	25163 	0 	+107.02(+0.43%)
Jul 15, 2015 	25219 	25219 	24863 	25056 	0 	-65.15(-0.26%)
Jul 14, 2015 	25184 	25251 	24906 	25121 	0 	-103.10(-0.41%)
Jul 13, 2015 	24710 	25276 	24596 	25224 	0 	+322.73(+1.30%)
Jul 12, 2015 	24568 	25015 	24568 	24901 	0 	+0.00(+0.00%)
Jul 11, 2015 	24568 	25015 	24568 	24901 	0 	+0.00(+0.00%)
Jul 10, 2015 	24568 	25015 	24568 	24901 	0 	+508.49(+2.08%)
Jul 09, 2015 	23436 	24696 	23333 	24393 	0 	+876.23(+3.73%)
Jul 08, 2015 	24411 	24411 	22837 	23517 	0 	-1458.75(-5.84%)
Jul 07, 2015 	25392 	25439 	24819 	24975 	0 	-260.97(-1.03%)
Jul 06, 2015 	26084 	26262 	24750 	25236 	0 	-827.83(-3.18%)
Jul 05, 2015 	26350 	26403 	25933 	26064 	0 	+0.00(+0.00%)
Jul 04, 2015 	26350 	26403 	25933 	26064 	0 	+0.00(+0.00%)
Jul 03, 2015 	26350 	26403 	25933 	26064 	0 	-218.21(-0.83%)
Jul 02, 2015 	26459 	26459 	26136 	26282 	0 	+32.29(+0.12%)
Jul 01, 2015 	25944 	26470 	25886 	26250 	0 	+0.00(+0.00%)
Jun 30, 2015 	25944 	26470 	25886 	26250 	0 	+283.05(+1.09%)
Jun 29, 2015 	26560 	26632 	25618 	25967 	0 	-696.89(-2.61%)
Jun 28, 2015 	27016 	27016 	26522 	26664 	0 	+0.00(+0.00%)
Jun 27, 2015 	27016 	27016 	26522 	26664 	0 	+0.00(+0.00%)
Jun 26, 2015 	27016 	27016 	26522 	26664 	0 	-481.88(-1.78%)
Jun 25, 2015 	27329 	27350 	27121 	27146 	0 	-259.22(-0.95%)
Jun 24, 2015 	27397 	27470 	27293 	27405 	0 	+71.51(+0.26%)
Jun 23, 2015 	27126 	27406 	27009 	27333 	0 	+252.61(+0.93%)
Jun 22, 2015 	26854 	27167 	26812 	27081 	0 	+320.32(+1.20%)
Jun 21, 2015 	26886 	27012 	26702 	26761 	0 	+0.00(+0.00%)
Jun 20, 2015 	26886 	27012 	26702 	26761 	0 	+0.00(+0.00%)
Jun 19, 2015 	26886 	27012 	26702 	26761 	0 	+65.87(+0.25%)
Jun 18, 2015 	26787 	26874 	26596 	26695 	0 	-59.13(-0.22%)
Jun 17, 2015 	26671 	26881 	26556 	26754 	0 	+187.09(+0.70%)
Jun 16, 2015 	26808 	26893 	26553 	26567 	0 	-295.11(-1.10%)
Jun 15, 2015 	27095 	27131 	26842 	26862 	0 	-418.73(-1.53%)
Jun 14, 2015 	27083 	27357 	26988 	27281 	0 	+0.00(+0.00%)
Jun 13, 2015 	27083 	27357 	26988 	27281 	0 	+0.00(+0.00%)
Jun 12, 2015 	27083 	27357 	26988 	27281 	0 	+372.69(+1.39%)
Jun 11, 2015 	26938 	26992 	26839 	26908 	0 	+220.21(+0.83%)
Jun 10, 2015 	27053 	27117 	26574 	26688 	0 	-301.88(-1.12%)
Jun 09, 2015 	27296 	27322 	26972 	26990 	0 	-326.76(-1.20%)
Jun 08, 2015 	27147 	27429 	27060 	27316 	0 	+56.12(+0.21%)
Jun 07, 2015 	27538 	27647 	27211 	27260 	0 	+0.00(+0.00%)
Jun 06, 2015 	27538 	27647 	27211 	27260 	0 	+0.00(+0.00%)
Jun 05, 2015 	27538 	27647 	27211 	27260 	0 	-291.73(-1.06%)
Jun 04, 2015 	27645 	27855 	27094 	27552 	0 	-105.58(-0.38%)
Jun 03, 2015 	27716 	27767 	27509 	27657 	0 	+190.75(+0.69%)
Jun 02, 2015 	27473 	27603 	27348 	27467 	0 	-130.44(-0.47%)
Jun 01, 2015 	27373 	27766 	27242 	27597 	0 	+172.97(+0.63%)
May 31, 2015 	27398 	27604 	27256 	27424 	0 	+0.00(+0.00%)
May 30, 2015 	27398 	27604 	27256 	27424 	0 	+0.00(+0.00%)
May 29, 2015 	27398 	27604 	27256 	27424 	0 	-30.12(-0.11%)
May 28, 2015 	28162 	28162 	27242 	27454 	0 	-626.90(-2.23%)
May 27, 2015 	28215 	28215 	27982 	28081 	0 	-168.65(-0.60%)
May 26, 2015 	28462 	28525 	28237 	28250 	0 	+257.03(+0.92%)
May 25, 2015 	27724 	28041 	27697 	27993 	0 	+0.00(+0.00%)
May 24, 2015 	27724 	28041 	27697 	27993 	0 	+0.00(+0.00%)
May 23, 2015 	27724 	28041 	27697 	27993 	0 	+0.00(+0.00%)
May 22, 2015 	27724 	28041 	27697 	27993 	0 	+469.11(+1.70%)
May 21, 2015 	27507 	27612 	27393 	27524 	0 	-61.33(-0.22%)
May 20, 2015 	27751 	27751 	27490 	27585 	0 	-108.49(-0.39%)
May 19, 2015 	27597 	27766 	27501 	27694 	0 	+102.29(+0.37%)
May 18, 2015 	27792 	27792 	27436 	27591 	0 	-231.03(-0.83%)
May 17, 2015 	27460 	27929 	27315 	27822 	0 	+0.00(+0.00%)
May 16, 2015 	27460 	27929 	27315 	27822 	0 	+0.00(+0.00%)
May 15, 2015 	27460 	27929 	27315 	27822 	0 	+535.73(+1.96%)
May 14, 2015 	27396 	27398 	27193 	27287 	0 	+37.27(+0.14%)
May 13, 2015 	27474 	27525 	27191 	27249 	0 	-157.90(-0.58%)
May 12, 2015 	27664 	27694 	27396 	27407 	0 	-311.02(-1.12%)
May 11, 2015 	27837 	27837 	27582 	27718 	0 	+140.86(+0.51%)
May 10, 2015 	27558 	27653 	27367 	27577 	0 	+0.00(+0.00%)
May 09, 2015 	27558 	27653 	27367 	27577 	0 	+0.00(+0.00%)
May 08, 2015 	27558 	27653 	27367 	27577 	0 	+287.37(+1.05%)
May 07, 2015 	27568 	27604 	27207 	27290 	0 	-350.94(-1.27%)
May 06, 2015 	27698 	28055 	27570 	27641 	0 	-114.63(-0.41%)
May 05, 2015 	28296 	28317 	27598 	27756 	0 	-368.28(-1.31%)
May 04, 2015 	28231 	28344 	28017 	28124 	0 	-9.18(-0.03%)
May 03, 2015 	28289 	28318 	27998 	28133 	0 	+0.00(+0.00%)
May 02, 2015 	28289 	28318 	27998 	28133 	0 	+0.00(+0.00%)
May 01, 2015 	28289 	28318 	27998 	28133 	0 	+0.00(+0.00%)
Apr 30, 2015 	28289 	28318 	27998 	28133 	0 	-267.34(-0.94%)
Apr 29, 2015 	28453 	28453 	28202 	28400 	2,094,900,800 	-42.41(-0.15%)
Apr 28, 2015 	28448 	28548 	28252 	28443 	3,045,477,200 	+9.16(+0.03%)
Apr 27, 2015 	28245 	28589 	28245 	28434 	2,790,074,800 	+372.61(+1.33%)
Apr 24, 2015 	27978 	28089 	27592 	28061 	2,414,041,400 	+233.28(+0.84%)
Apr 23, 2015 	28112 	28214 	27804 	27828 	2,442,203,600 	-106.15(-0.38%)
Apr 22, 2015 	27821 	28048 	27728 	27934 	2,367,949,600 	+83.36(+0.30%)
Apr 21, 2015 	27404 	27925 	27404 	27850 	2,737,826,800 	+755.56(+2.79%)
Apr 20, 2015 	27771 	27771 	26960 	27095 	3,375,884,000 	-558.19(-2.02%)
Apr 17, 2015 	27808 	27969 	27598 	27653 	3,105,824,800 	-86.59(-0.31%)
Apr 16, 2015 	27557 	27788 	27470 	27740 	3,269,721,200 	+120.89(+0.44%)
Apr 15, 2015 	27693 	27808 	27443 	27619 	3,926,508,000 	+57.33(+0.21%)
Apr 14, 2015 	27688 	27915 	27483 	27561 	3,774,122,400 	-454.85(-1.62%)
Apr 13, 2015 	27374 	28032 	27304 	28016 	432,148,704 	+743.95(+2.73%)
Apr 10, 2015 	27374 	27374 	26813 	27272 	3,341,162,800 	+328.00(+1.22%)
Apr 09, 2015 	26913 	27923 	26732 	26944 	729,555,104 	+707.53(+2.70%)
Apr 08, 2015 	25708 	26248 	25640 	26237 	4,101,527,200 	+961.22(+3.80%)
Apr 07, 2015 	25214 	25298 	25153 	25276 	0 	+0.00(+0.00%)
Apr 02, 2015 	25214 	25298 	25153 	25276 	2,106,782,000 	+192.89(+0.77%)
Apr 01, 2015 	24955 	25099 	24926 	25083 	1,713,463,600 	+181.86(+0.73%)
Mar 31, 2015 	25113 	25113 	24876 	24901 	2,557,002,200 	+45.77(+0.18%)
Mar 30, 2015 	24727 	24949 	24726 	24855 	2,574,119,600 	+368.92(+1.51%)
Mar 27, 2015 	24541 	24550 	24420 	24486 	1,610,426,400 	-10.88(-0.04%)
Mar 26, 2015 	24443 	24592 	24400 	24497 	1,346,154,100 	-31.15(-0.13%)
Mar 25, 2015 	24411 	24614 	24378 	24528 	1,421,279,500 	+128.63(+0.53%)
Mar 24, 2015 	24485 	24490 	24295 	24400 	1,559,006,100 	-94.91(-0.39%)
Mar 23, 2015 	24538 	24560 	24436 	24495 	1,461,178,100 	+119.27(+0.49%)
Mar 20, 2015 	24418 	24525 	24352 	24375 	2,006,074,800 	-93.65(-0.38%)
Mar 19, 2015 	24326 	24500 	24249 	24469 	1,826,036,400 	+348.81(+1.45%)
Mar 18, 2015 	23939 	24211 	23939 	24120 	1,668,404,600 	+218.59(+0.91%)
Mar 17, 2015 	24106 	24106 	23823 	23901 	1,188,627,100 	-48.06(-0.20%)
Mar 16, 2015 	23771 	23970 	23711 	23950 	1,187,740,300 	+126.34(+0.53%)
Mar 13, 2015 	23809 	23919 	23791 	23823 	1,538,401,000 	+25.25(+0.11%)
Mar 12, 2015 	23709 	23880 	23677 	23798 	1,619,061,000 	+79.99(+0.34%)
Mar 11, 2015 	23807 	23900 	23704 	23718 	1,678,330,400 	-179.01(-0.75%)
Mar 10, 2015 	24151 	24152 	23870 	23897 	1,521,299,200 	-226.07(-0.94%)
Mar 09, 2015 	23982 	24206 	23910 	24123 	1,619,496,400 	-40.95(-0.17%)
Mar 07, 2015 	24236 	24294 	24126 	24164 	1,620,647,200 	-29.04(-0.12%)
Mar 06, 2015 	24275 	24394 	24134 	24193 	1,923,405,000 	-272.34(-1.11%)
Mar 05, 2015 	24657 	24706 	24439 	24465 	1,618,240,300 	-237.40(-0.96%)
Mar 04, 2015 	24985 	24985 	24663 	24703 	1,499,929,300 	-184.66(-0.74%)
