Feb 09, 2018 	2602 	2639 	2533 	2620 	0 	+38.55(+1.49%)
Feb 08, 2018 	2682 	2685 	2581 	2581 	0 	-100.66(-3.75%)
Feb 07, 2018 	2691 	2728 	2682 	2682 	0 	-19.47(-0.72%)
Feb 06, 2018 	2609 	2707 	2597 	2701 	0 	+20.12(+0.75%)
Feb 05, 2018 	2741 	2763 	2638 	2681 	0 	-81.12(-2.94%)
Feb 02, 2018 	2809 	2809 	2760 	2762 	0 	-58.47(-2.07%)
Feb 01, 2018 	2815 	2835 	2812 	2821 	0 	-3.23(-0.11%)
Jan 31, 2018 	2832 	2838 	2812 	2824 	0 	-0.43(-0.02%)
Jan 30, 2018 	2833 	2854 	2820 	2824 	0 	-29.56(-1.04%)
Jan 29, 2018 	2866 	2871 	2852 	2854 	0 	-19.05(-0.66%)
Jan 26, 2018 	2847 	2873 	2846 	2873 	0 	+34.13(+1.20%)
Jan 25, 2018 	2847 	2848 	2830 	2839 	0 	+0.71(+0.03%)
Jan 24, 2018 	2846 	2853 	2825 	2838 	0 	-0.96(-0.03%)
Jan 23, 2018 	2833 	2842 	2830 	2839 	0 	+5.83(+0.21%)
Jan 22, 2018 	2808 	2833 	2807 	2833 	0 	+22.85(+0.81%)
Jan 19, 2018 	2803 	2810 	2798 	2810 	0 	+12.45(+0.45%)
Jan 18, 2018 	2801 	2806 	2792 	2798 	0 	-5.03(-0.18%)
Jan 17, 2018 	2787 	2807 	2776 	2803 	0 	+26.17(+0.94%)
Jan 16, 2018 	2801 	2808 	2769 	2777 	0 	-9.52(-0.34%)
Jan 12, 2018 	2786 	2786 	2786 	2786 	0 	+39.16(+1.43%)
Jan 10, 2018 	2743 	2750 	2735 	2747 	0 	-6.85(-0.25%)
Jan 09, 2018 	2753 	2761 	2749 	2754 	0 	+5.76(+0.21%)
Jan 08, 2018 	2742 	2750 	2739 	2748 	0 	+5.02(+0.18%)
Jan 05, 2018 	2731 	2743 	2728 	2743 	0 	+18.65(+0.68%)
Jan 04, 2018 	2720 	2730 	2714 	2724 	0 	+11.63(+0.43%)
Jan 03, 2018 	2696 	2715 	2696 	2713 	0 	+20.12(+0.75%)
Jan 02, 2018 	2683 	2693 	2679 	2693 	0 	+19.14(+0.72%)
Dec 29, 2017 	2674 	2674 	2674 	2674 	0 	-14.53(-0.54%)
Dec 28, 2017 	2688 	2689 	2684 	2688 	0 	+5.52(+0.21%)
Dec 27, 2017 	2682 	2686 	2679 	2683 	0 	+2.12(+0.08%)
Dec 26, 2017 	2679 	2683 	2678 	2680 	0 	-2.84(-0.11%)
Dec 22, 2017 	2683 	2683 	2683 	2683 	0 	-1.23(-0.05%)
Dec 21, 2017 	2683 	2693 	2682 	2685 	0 	+5.32(+0.20%)
Dec 20, 2017 	2688 	2691 	2676 	2679 	0 	-2.22(-0.08%)
Dec 19, 2017 	2693 	2694 	2681 	2681 	0 	-8.69(-0.32%)
Dec 18, 2017 	2686 	2695 	2686 	2690 	0 	+14.35(+0.54%)
Dec 15, 2017 	2661 	2680 	2659 	2676 	0 	+23.80(+0.90%)
Dec 14, 2017 	2666 	2668 	2652 	2652 	0 	-10.84(-0.41%)
Dec 13, 2017 	2668 	2672 	2663 	2663 	0 	-1.26(-0.05%)
Dec 12, 2017 	2662 	2670 	2660 	2664 	0 	+4.12(+0.15%)
Dec 11, 2017 	2652 	2660 	2651 	2660 	0 	+8.49(+0.32%)
Dec 08, 2017 	2646 	2652 	2644 	2652 	0 	+14.52(+0.55%)
Dec 07, 2017 	2628 	2641 	2627 	2637 	0 	+7.71(+0.29%)
Dec 06, 2017 	2626 	2634 	2625 	2629 	0 	-0.30(-0.01%)
Dec 05, 2017 	2640 	2649 	2628 	2630 	0 	-9.87(-0.37%)
Dec 04, 2017 	2657 	2662 	2639 	2639 	0 	-2.78(-0.11%)
Dec 01, 2017 	2645 	2651 	2619 	2642 	0 	-5.36(-0.20%)
Nov 30, 2017 	2634 	2658 	2634 	2648 	0 	+21.51(+0.82%)
Nov 29, 2017 	2628 	2635 	2620 	2626 	0 	-0.97(-0.04%)
Nov 28, 2017 	2606 	2628 	2605 	2627 	0 	+25.62(+0.98%)
Nov 27, 2017 	2603 	2606 	2599 	2601 	0 	-1.00(-0.04%)
Nov 24, 2017 	2600 	2604 	2600 	2602 	0 	+5.34(+0.21%)
Nov 22, 2017 	2597 	2597 	2597 	2597 	0 	-1.95(-0.08%)
Nov 21, 2017 	2589 	2601 	2589 	2599 	0 	+16.89(+0.65%)
Nov 20, 2017 	2579 	2585 	2578 	2582 	0 	+3.29(+0.13%)
Nov 17, 2017 	2583 	2584 	2578 	2579 	0 	-6.79(-0.26%)
Nov 16, 2017 	2573 	2590 	2573 	2586 	0 	+21.02(+0.82%)
Nov 15, 2017 	2569 	2573 	2557 	2565 	0 	-14.25(-0.55%)
Nov 14, 2017 	2578 	2580 	2567 	2579 	0 	-5.97(-0.23%)
Nov 13, 2017 	2577 	2588 	2574 	2585 	0 	+2.54(+0.10%)
Nov 10, 2017 	2580 	2584 	2576 	2582 	0 	-2.32(-0.09%)
Nov 09, 2017 	2584 	2586 	2566 	2585 	0 	-9.76(-0.38%)
Nov 08, 2017 	2589 	2595 	2585 	2594 	0 	+3.74(+0.14%)
Nov 07, 2017 	2592 	2597 	2584 	2591 	0 	-0.49(-0.02%)
Nov 06, 2017 	2587 	2593 	2586 	2591 	0 	+3.29(+0.13%)
Nov 03, 2017 	2582 	2588 	2577 	2588 	0 	+7.99(+0.31%)
Nov 02, 2017 	2579 	2581 	2566 	2580 	0 	+0.49(+0.02%)
Nov 01, 2017 	2583 	2588 	2575 	2579 	0 	+4.10(+0.16%)
Oct 31, 2017 	2576 	2578 	2572 	2575 	0 	+2.43(+0.09%)
Oct 30, 2017 	2578 	2580 	2568 	2573 	0 	-8.24(-0.32%)
Oct 27, 2017 	2570 	2583 	2566 	2581 	0 	+20.67(+0.81%)
Oct 26, 2017 	2560 	2567 	2560 	2560 	0 	+3.25(+0.13%)
Oct 25, 2017 	2567 	2567 	2544 	2557 	0 	-11.98(-0.47%)
Oct 24, 2017 	2569 	2572 	2566 	2569 	0 	+4.15(+0.16%)
Oct 23, 2017 	2578 	2578 	2564 	2565 	0 	-10.23(-0.40%)
Oct 20, 2017 	2568 	2575 	2568 	2575 	0 	+13.11(+0.51%)
Oct 19, 2017 	2553 	2562 	2548 	2562 	0 	+0.84(+0.03%)
Oct 18, 2017 	2563 	2564 	2560 	2561 	0 	+1.90(+0.07%)
Oct 17, 2017 	2557 	2560 	2555 	2559 	0 	+1.72(+0.07%)
Oct 16, 2017 	2556 	2559 	2553 	2558 	0 	+4.47(+0.18%)
Oct 13, 2017 	2556 	2558 	2552 	2553 	0 	+2.24(+0.09%)
Oct 12, 2017 	2553 	2555 	2548 	2551 	0 	-4.31(-0.17%)
Oct 11, 2017 	2551 	2555 	2548 	2555 	0 	+4.60(+0.18%)
Oct 10, 2017 	2550 	2555 	2545 	2551 	0 	+5.91(+0.23%)
Oct 09, 2017 	2551 	2552 	2542 	2545 	0 	-4.60(-0.18%)
Oct 06, 2017 	2547 	2549 	2544 	2549 	0 	-2.74(-0.11%)
Oct 05, 2017 	2541 	2553 	2540 	2552 	0 	+14.33(+0.56%)
Oct 04, 2017 	2533 	2541 	2532 	2538 	0 	+3.16(+0.12%)
Oct 03, 2017 	2530 	2535 	2529 	2535 	0 	+5.46(+0.22%)
Oct 02, 2017 	2521 	2529 	2520 	2529 	0 	+9.76(+0.39%)
Sep 29, 2017 	2510 	2519 	2508 	2519 	0 	+9.30(+0.37%)
Sep 28, 2017 	2503 	2511 	2503 	2510 	0 	+3.02(+0.12%)
Sep 27, 2017 	2503 	2512 	2496 	2507 	0 	+10.20(+0.41%)
Sep 26, 2017 	2501 	2504 	2495 	2497 	0 	+0.18(+0.01%)
Sep 25, 2017 	2499 	2503 	2488 	2497 	0 	-5.56(-0.22%)
Sep 22, 2017 	2497 	2503 	2497 	2502 	0 	+1.62(+0.06%)
Sep 21, 2017 	2507 	2507 	2499 	2501 	0 	-7.64(-0.30%)
Sep 20, 2017 	2507 	2509 	2497 	2508 	0 	+1.59(+0.06%)
Sep 19, 2017 	2506 	2508 	2503 	2507 	0 	+2.78(+0.11%)
Sep 18, 2017 	2503 	2508 	2500 	2504 	0 	+3.64(+0.15%)
Sep 15, 2017 	2496 	2500 	2493 	2500 	0 	+4.61(+0.18%)
Sep 14, 2017 	2495 	2498 	2491 	2496 	0 	-2.75(-0.11%)
Sep 13, 2017 	2494 	2498 	2492 	2498 	0 	+1.89(+0.08%)
Sep 12, 2017 	2492 	2497 	2490 	2496 	0 	+8.37(+0.34%)
Sep 11, 2017 	2475 	2489 	2475 	2488 	0 	+26.68(+1.08%)
Sep 08, 2017 	2462 	2467 	2459 	2461 	0 	-3.67(-0.15%)
Sep 07, 2017 	2468 	2469 	2460 	2465 	0 	-0.44(-0.02%)
Sep 06, 2017 	2464 	2470 	2459 	2466 	0 	+7.69(+0.31%)
Sep 05, 2017 	2470 	2472 	2447 	2458 	0 	-18.70(-0.76%)
Sep 01, 2017 	2477 	2477 	2477 	2477 	0 	+4.90(+0.20%)
Aug 31, 2017 	2463 	2475 	2463 	2472 	0 	+14.06(+0.57%)
Aug 30, 2017 	2446 	2460 	2444 	2458 	0 	+11.29(+0.46%)
Aug 29, 2017 	2432 	2449 	2428 	2446 	0 	+2.06(+0.08%)
Aug 28, 2017 	2447 	2449 	2439 	2444 	0 	+1.19(+0.05%)
Aug 25, 2017 	2439 	2454 	2442 	2443 	0 	+4.08(+0.17%)
Aug 24, 2017 	2448 	2450 	2436 	2439 	0 	-5.07(-0.21%)
Aug 23, 2017 	2445 	2449 	2441 	2444 	0 	-8.47(-0.35%)
Aug 22, 2017 	2434 	2455 	2434 	2453 	0 	+24.14(+0.99%)
Aug 21, 2017 	2426 	2431 	2417 	2428 	0 	+2.82(+0.12%)
Aug 18, 2017 	2428 	2440 	2421 	2426 	0 	-4.46(-0.18%)
Aug 17, 2017 	2463 	2465 	2430 	2430 	0 	-38.10(-1.54%)
Aug 16, 2017 	2465 	2475 	2464 	2468 	0 	+3.50(+0.14%)
Aug 15, 2017 	2469 	2469 	2462 	2465 	0 	-1.23(-0.05%)
Aug 14, 2017 	2455 	2468 	2455 	2466 	0 	+24.52(+1.00%)
Aug 11, 2017 	2441 	2448 	2438 	2441 	0 	+3.11(+0.13%)
Aug 10, 2017 	2465 	2465 	2438 	2438 	0 	-35.81(-1.45%)
Aug 09, 2017 	2465 	2474 	2462 	2474 	0 	-0.90(-0.04%)
Aug 08, 2017 	2478 	2491 	2470 	2475 	0 	-5.99(-0.24%)
Aug 07, 2017 	2477 	2481 	2476 	2481 	0 	+4.08(+0.16%)
Aug 04, 2017 	2477 	2480 	2472 	2477 	0 	+4.67(+0.19%)
Aug 03, 2017 	2476 	2476 	2469 	2472 	0 	-5.41(-0.22%)
Aug 02, 2017 	2480 	2480 	2466 	2478 	0 	+1.22(+0.05%)
Aug 01, 2017 	2477 	2479 	2471 	2476 	0 	+6.05(+0.24%)
Jul 31, 2017 	2476 	2478 	2469 	2470 	0 	-1.80(-0.07%)
Jul 28, 2017 	2469 	2474 	2465 	2472 	0 	-3.32(-0.13%)
Jul 27, 2017 	2483 	2484 	2460 	2475 	0 	-2.41(-0.10%)
Jul 26, 2017 	2480 	2482 	2475 	2478 	0 	+0.75(+0.03%)
Jul 25, 2017 	2478 	2481 	2475 	2477 	0 	+7.17(+0.29%)
Jul 24, 2017 	2472 	2473 	2466 	2470 	0 	-2.63(-0.11%)
Jul 21, 2017 	2467 	2473 	2465 	2473 	0 	-0.91(-0.04%)
Jul 20, 2017 	2476 	2478 	2469 	2473 	0 	-0.38(-0.02%)
Jul 19, 2017 	2464 	2474 	2464 	2474 	0 	+13.22(+0.54%)
Jul 18, 2017 	2456 	2461 	2450 	2461 	0 	+1.47(+0.06%)
Jul 17, 2017 	2460 	2463 	2457 	2459 	0 	-0.13(-0.01%)
Jul 14, 2017 	2449 	2464 	2447 	2459 	0 	+11.44(+0.47%)
Jul 13, 2017 	2445 	2449 	2442 	2448 	0 	+4.58(+0.19%)
Jul 12, 2017 	2436 	2446 	2436 	2443 	0 	+17.72(+0.73%)
Jul 11, 2017 	2427 	2429 	2413 	2426 	0 	-1.90(-0.08%)
Jul 10, 2017 	2425 	2432 	2422 	2427 	0 	+2.25(+0.09%)
Jul 07, 2017 	2414 	2427 	2414 	2425 	0 	+15.43(+0.64%)
Jul 06, 2017 	2423 	2424 	2408 	2410 	0 	-22.79(-0.94%)
Jul 05, 2017 	2431 	2435 	2422 	2433 	0 	+3.53(+0.15%)
Jul 03, 2017 	2429 	2429 	2429 	2429 	0 	+5.60(+0.23%)
Jun 30, 2017 	2429 	2433 	2422 	2423 	0 	+3.71(+0.15%)
Jun 29, 2017 	2442 	2443 	2406 	2420 	0 	-20.99(-0.86%)
Jun 28, 2017 	2429 	2443 	2428 	2441 	0 	+21.31(+0.88%)
Jun 27, 2017 	2436 	2440 	2419 	2419 	0 	-19.69(-0.81%)
Jun 26, 2017 	2443 	2450 	2437 	2439 	0 	+0.77(+0.03%)
Jun 23, 2017 	2433 	2441 	2432 	2438 	0 	+3.80(+0.16%)
Jun 22, 2017 	2437 	2442 	2433 	2434 	0 	-1.11(-0.05%)
Jun 21, 2017 	2439 	2442 	2431 	2436 	0 	-1.42(-0.06%)
Jun 20, 2017 	2451 	2451 	2437 	2437 	0 	-16.43(-0.67%)
Jun 19, 2017 	2443 	2454 	2442 	2453 	0 	+20.31(+0.83%)
Jun 16, 2017 	2431 	2433 	2423 	2433 	0 	+0.69(+0.03%)
Jun 15, 2017 	2424 	2434 	2419 	2432 	0 	-5.46(-0.22%)
Jun 14, 2017 	2444 	2444 	2428 	2438 	0 	-2.43(-0.10%)
Jun 13, 2017 	2434 	2441 	2431 	2440 	0 	+10.96(+0.45%)
Jun 12, 2017 	2426 	2430 	2420 	2429 	0 	-2.38(-0.10%)
Jun 09, 2017 	2436 	2446 	2416 	2432 	0 	-2.02(-0.08%)
Jun 08, 2017 	2434 	2439 	2428 	2434 	0 	+0.65(+0.03%)
Jun 07, 2017 	2432 	2435 	2425 	2433 	0 	+3.81(+0.16%)
Jun 06, 2017 	2432 	2436 	2428 	2429 	0 	-6.77(-0.28%)
Jun 05, 2017 	2438 	2440 	2434 	2436 	0 	-2.97(-0.12%)
Jun 02, 2017 	2431 	2440 	2428 	2439 	0 	+9.01(+0.37%)
Jun 01, 2017 	2416 	2430 	2414 	2430 	0 	+18.26(+0.76%)
May 31, 2017 	2416 	2416 	2404 	2412 	0 	-1.11(-0.05%)
May 30, 2017 	2412 	2415 	2409 	2413 	0 	-2.91(-0.12%)
May 26, 2017 	2416 	2416 	2416 	2416 	0 	+0.75(+0.03%)
May 25, 2017 	2410 	2419 	2408 	2415 	0 	+10.68(+0.44%)
May 24, 2017 	2401 	2406 	2398 	2404 	0 	+5.97(+0.25%)
May 23, 2017 	2397 	2401 	2394 	2398 	0 	+4.40(+0.18%)
May 22, 2017 	2387 	2395 	2387 	2394 	0 	+12.29(+0.52%)
May 19, 2017 	2371 	2389 	2370 	2382 	0 	+16.01(+0.68%)
May 18, 2017 	2355 	2376 	2353 	2366 	0 	+8.69(+0.37%)
May 17, 2017 	2383 	2385 	2356 	2357 	0 	-43.64(-1.82%)
May 16, 2017 	2405 	2406 	2396 	2401 	0 	-1.65(-0.07%)
May 15, 2017 	2394 	2404 	2394 	2402 	0 	+11.42(+0.48%)
May 12, 2017 	2392 	2392 	2387 	2391 	0 	-3.54(-0.15%)
May 11, 2017 	2395 	2396 	2382 	2394 	0 	-5.19(-0.22%)
May 10, 2017 	2397 	2400 	2393 	2400 	0 	+2.71(+0.11%)
May 09, 2017 	2402 	2404 	2392 	2397 	0 	-2.46(-0.10%)
May 08, 2017 	2400 	2401 	2394 	2399 	0 	+0.09(+0.00%)
May 05, 2017 	2392 	2399 	2389 	2399 	0 	+9.77(+0.41%)
May 04, 2017 	2390 	2391 	2380 	2390 	0 	+1.39(+0.06%)
May 03, 2017 	2386 	2390 	2380 	2388 	0 	-3.04(-0.13%)
May 02, 2017 	2391 	2393 	2386 	2391 	0 	+2.84(+0.12%)
May 01, 2017 	2388 	2394 	2385 	2388 	0 	+4.13(+0.17%)
Apr 28, 2017 	2394 	2394 	2382 	2384 	0 	-4.57(-0.19%)
Apr 27, 2017 	2390 	2392 	2383 	2389 	0 	+1.32(+0.06%)
Apr 26, 2017 	2389 	2398 	2387 	2387 	0 	-1.16(-0.05%)
Apr 25, 2017 	2382 	2392 	2381 	2389 	0 	+14.46(+0.61%)
Apr 24, 2017 	2370 	2377 	2369 	2374 	0 	+25.46(+1.08%)
Apr 21, 2017 	2355 	2356 	2345 	2349 	0 	-7.15(-0.30%)
Apr 20, 2017 	2343 	2361 	2341 	2356 	0 	+17.67(+0.76%)
Apr 19, 2017 	2347 	2353 	2335 	2338 	0 	-4.02(-0.17%)
Apr 18, 2017 	2343 	2348 	2335 	2342 	0 	-6.82(-0.29%)
Apr 17, 2017 	2333 	2349 	2333 	2349 	0 	+20.06(+0.86%)
Apr 13, 2017 	2329 	2329 	2329 	2329 	0 	-15.98(-0.68%)
Apr 12, 2017 	2352 	2353 	2341 	2345 	0 	-8.85(-0.38%)
Apr 11, 2017 	2354 	2355 	2337 	2354 	0 	-3.38(-0.14%)
Apr 10, 2017 	2357 	2366 	2352 	2357 	0 	+1.62(+0.07%)
Apr 07, 2017 	2357 	2364 	2351 	2356 	0 	-1.95(-0.08%)
Apr 06, 2017 	2354 	2364 	2349 	2357 	0 	+4.54(+0.19%)
Apr 05, 2017 	2367 	2378 	2351 	2353 	0 	-7.21(-0.31%)
Apr 04, 2017 	2355 	2361 	2351 	2360 	0 	+1.32(+0.06%)
Apr 03, 2017 	2362 	2366 	2345 	2359 	0 	-3.88(-0.16%)
Mar 31, 2017 	2365 	2370 	2363 	2363 	0 	-5.34(-0.23%)
Mar 30, 2017 	2361 	2370 	2359 	2368 	0 	+6.93(+0.29%)
Mar 29, 2017 	2357 	2363 	2353 	2361 	0 	+2.56(+0.11%)
Mar 28, 2017 	2340 	2364 	2338 	2359 	0 	+16.98(+0.73%)
Mar 27, 2017 	2329 	2345 	2322 	2342 	0 	-2.39(-0.10%)
Mar 24, 2017 	2350 	2356 	2336 	2344 	0 	-1.98(-0.08%)
Mar 23, 2017 	2346 	2359 	2342 	2346 	0 	-2.49(-0.11%)
Mar 22, 2017 	2343 	2352 	2336 	2348 	0 	+4.43(+0.19%)
Mar 21, 2017 	2379 	2382 	2342 	2344 	0 	-29.45(-1.24%)
Mar 20, 2017 	2378 	2380 	2370 	2373 	0 	-4.78(-0.20%)
Mar 17, 2017 	2384 	2386 	2378 	2378 	0 	-3.13(-0.13%)
Mar 16, 2017 	2388 	2388 	2377 	2381 	0 	-3.88(-0.16%)
Mar 15, 2017 	2370 	2390 	2369 	2385 	0 	+19.81(+0.84%)
Mar 14, 2017 	2369 	2369 	2358 	2365 	0 	-8.02(-0.34%)
Mar 13, 2017 	2372 	2374 	2369 	2373 	0 	+0.87(+0.04%)
Mar 10, 2017 	2373 	2377 	2363 	2373 	0 	+7.73(+0.33%)
Mar 09, 2017 	2363 	2369 	2355 	2365 	0 	+1.89(+0.08%)
Mar 08, 2017 	2370 	2373 	2361 	2363 	0 	-5.41(-0.23%)
Mar 07, 2017 	2371 	2375 	2366 	2368 	0 	-6.92(-0.29%)
Mar 06, 2017 	2375 	2379 	2368 	2375 	0 	-7.81(-0.33%)
Mar 03, 2017 	2381 	2384 	2375 	2383 	0 	+1.20(+0.05%)
Mar 02, 2017 	2395 	2395 	2380 	2382 	0 	-14.04(-0.59%)
Feb 28, 2017 	2366 	2368 	2359 	2364 	0 	-6.09(-0.26%)
Feb 27, 2017 	2365 	2372 	2362 	2370 	0 	+2.39(+0.10%)
Feb 24, 2017 	2356 	2367 	2353 	2367 	0 	+3.53(+0.15%)
Feb 23, 2017 	2368 	2368 	2355 	2364 	0 	+0.99(+0.04%)
Feb 22, 2017 	2361 	2365 	2358 	2363 	0 	-2.56(-0.11%)
Feb 21, 2017 	2355 	2367 	2355 	2365 	0 	+14.22(+0.60%)
Feb 17, 2017 	2351 	2351 	2351 	2351 	0 	+3.94(+0.17%)
Feb 16, 2017 	2350 	2351 	2339 	2347 	0 	-2.03(-0.09%)
Feb 15, 2017 	2336 	2351 	2335 	2349 	0 	+11.67(+0.50%)
Feb 14, 2017 	2326 	2338 	2322 	2338 	0 	+9.33(+0.40%)
Feb 13, 2017 	2322 	2332 	2321 	2328 	0 	+12.15(+0.52%)
Feb 10, 2017 	2312 	2319 	2311 	2316 	0 	+8.23(+0.36%)
Feb 09, 2017 	2297 	2311 	2297 	2308 	0 	+13.20(+0.58%)
Feb 08, 2017 	2290 	2296 	2285 	2295 	0 	+1.59(+0.07%)
Feb 07, 2017 	2296 	2299 	2290 	2293 	0 	+0.52(+0.02%)
Feb 06, 2017 	2294 	2296 	2289 	2293 	0 	-4.86(-0.21%)
Feb 03, 2017 	2289 	2298 	2288 	2297 	0 	+16.57(+0.73%)
Feb 02, 2017 	2277 	2284 	2272 	2281 	0 	+1.30(+0.06%)
Feb 01, 2017 	2286 	2289 	2272 	2280 	0 	+0.68(+0.03%)
Jan 31, 2017 	2274 	2279 	2267 	2279 	0 	-2.03(-0.09%)
Jan 30, 2017 	2286 	2286 	2269 	2281 	0 	-13.79(-0.60%)
Jan 27, 2017 	2299 	2299 	2292 	2295 	0 	-1.99(-0.09%)
Jan 26, 2017 	2299 	2301 	2294 	2297 	0 	-1.69(-0.07%)
Jan 25, 2017 	2289 	2300 	2289 	2298 	0 	+18.30(+0.80%)
Jan 24, 2017 	2268 	2285 	2267 	2280 	0 	+14.87(+0.66%)
Jan 23, 2017 	2268 	2272 	2257 	2265 	0 	-6.11(-0.27%)
Jan 20, 2017 	2270 	2277 	2265 	2271 	0 	+7.62(+0.34%)
Jan 19, 2017 	2272 	2274 	2258 	2264 	0 	-8.20(-0.36%)
Jan 18, 2017 	2269 	2272 	2263 	2272 	0 	+4.00(+0.18%)
Jan 17, 2017 	2269 	2272 	2263 	2268 	0 	-6.75(-0.30%)
Jan 13, 2017 	2275 	2275 	2275 	2275 	0 	+4.20(+0.18%)
Jan 12, 2017 	2271 	2272 	2254 	2270 	0 	-4.88(-0.21%)
Jan 11, 2017 	2269 	2275 	2261 	2275 	0 	+6.42(+0.28%)
Jan 10, 2017 	2270 	2279 	2265 	2269 	0 	+0.00(+0.00%)
Jan 09, 2017 	2274 	2275 	2269 	2269 	0 	-8.08(-0.35%)
Jan 06, 2017 	2271 	2282 	2264 	2277 	0 	+7.98(+0.35%)
Jan 05, 2017 	2268 	2272 	2260 	2269 	0 	-1.75(-0.08%)
Jan 04, 2017 	2262 	2273 	2262 	2271 	0 	+12.92(+0.57%)
Jan 03, 2017 	2252 	2264 	2245 	2258 	0 	+19.00(+0.85%)
Dec 30, 2016 	2239 	2239 	2239 	2239 	0 	-10.43(-0.46%)
Dec 29, 2016 	2250 	2255 	2245 	2249 	0 	-0.66(-0.03%)
Dec 28, 2016 	2270 	2271 	2249 	2250 	0 	-18.96(-0.84%)
Dec 27, 2016 	2266 	2274 	2266 	2269 	0 	+5.09(+0.22%)
Dec 23, 2016 	2264 	2264 	2264 	2264 	0 	+2.83(+0.13%)
Dec 22, 2016 	2263 	2263 	2256 	2261 	0 	-4.22(-0.19%)
Dec 21, 2016 	2271 	2271 	2265 	2265 	0 	-5.58(-0.25%)
Dec 20, 2016 	2266 	2273 	2266 	2271 	0 	+8.23(+0.36%)
Dec 19, 2016 	2259 	2267 	2258 	2263 	0 	+4.46(+0.20%)
Dec 16, 2016 	2267 	2268 	2254 	2258 	0 	-3.96(-0.18%)
Dec 15, 2016 	2254 	2272 	2254 	2262 	0 	+8.75(+0.39%)
Dec 14, 2016 	2268 	2276 	2248 	2253 	0 	-18.44(-0.81%)
Dec 13, 2016 	2263 	2278 	2263 	2272 	0 	+14.76(+0.65%)
Dec 12, 2016 	2259 	2264 	2252 	2257 	0 	-2.57(-0.11%)
Dec 09, 2016 	2250 	2260 	2249 	2260 	0 	+13.34(+0.59%)
Dec 08, 2016 	2241 	2252 	2238 	2246 	0 	+4.84(+0.22%)
Dec 07, 2016 	2211 	2242 	2209 	2241 	0 	+29.12(+1.32%)
Dec 06, 2016 	2207 	2213 	2202 	2212 	0 	+7.52(+0.34%)
Dec 05, 2016 	2201 	2209 	2200 	2205 	0 	+12.76(+0.58%)
Dec 02, 2016 	2191 	2198 	2188 	2192 	0 	+0.87(+0.04%)
Dec 01, 2016 	2200 	2203 	2187 	2191 	0 	-7.73(-0.35%)
Nov 30, 2016 	2205 	2214 	2199 	2199 	0 	-5.85(-0.27%)
Nov 29, 2016 	2201 	2210 	2198 	2205 	0 	+2.94(+0.13%)
Nov 28, 2016 	2210 	2211 	2200 	2202 	0 	-11.63(-0.53%)
Nov 25, 2016 	2206 	2213 	2206 	2213 	0 	+8.63(+0.39%)
Nov 23, 2016 	2205 	2205 	2205 	2205 	0 	+1.78(+0.08%)
Nov 22, 2016 	2202 	2205 	2195 	2203 	0 	+4.76(+0.22%)
Nov 21, 2016 	2186 	2199 	2186 	2198 	0 	+16.28(+0.75%)
Nov 18, 2016 	2187 	2190 	2180 	2182 	0 	-5.22(-0.24%)
Nov 17, 2016 	2179 	2188 	2177 	2187 	0 	+10.18(+0.47%)
Nov 16, 2016 	2178 	2179 	2172 	2177 	0 	-3.45(-0.16%)
Nov 15, 2016 	2168 	2181 	2166 	2180 	0 	+16.19(+0.75%)
Nov 14, 2016 	2166 	2171 	2156 	2164 	0 	-0.25(-0.01%)
Nov 11, 2016 	2163 	2166 	2152 	2164 	0 	-3.03(-0.14%)
Nov 10, 2016 	2167 	2182 	2151 	2167 	0 	+4.22(+0.20%)
Nov 09, 2016 	2132 	2170 	2125 	2163 	0 	+23.73(+1.11%)
Nov 08, 2016 	2130 	2147 	2124 	2140 	0 	+8.01(+0.38%)
Nov 07, 2016 	2101 	2132 	2101 	2132 	0 	+46.34(+2.22%)
Nov 04, 2016 	2084 	2099 	2084 	2085 	0 	-3.48(-0.17%)
Nov 03, 2016 	2099 	2103 	2085 	2089 	0 	-9.28(-0.44%)
Nov 02, 2016 	2109 	2112 	2094 	2098 	0 	-13.78(-0.65%)
Nov 01, 2016 	2129 	2131 	2098 	2112 	0 	-14.43(-0.68%)
Oct 31, 2016 	2130 	2133 	2126 	2126 	0 	-0.26(-0.01%)
Oct 28, 2016 	2132 	2141 	2119 	2126 	0 	-6.63(-0.31%)
Oct 27, 2016 	2144 	2147 	2133 	2133 	0 	-6.39(-0.30%)
Oct 26, 2016 	2137 	2146 	2132 	2139 	0 	-3.73(-0.17%)
Oct 25, 2016 	2150 	2151 	2142 	2143 	0 	-8.17(-0.38%)
Oct 24, 2016 	2148 	2155 	2147 	2151 	0 	+10.17(+0.47%)
Oct 21, 2016 	2139 	2143 	2130 	2141 	0 	-0.18(-0.01%)
Oct 20, 2016 	2143 	2147 	2133 	2141 	0 	-2.95(-0.14%)
Oct 19, 2016 	2141 	2148 	2138 	2144 	0 	+4.69(+0.22%)
Oct 18, 2016 	2138 	2144 	2135 	2140 	0 	+13.10(+0.62%)
Oct 17, 2016 	2133 	2136 	2124 	2126 	0 	-6.48(-0.30%)
Oct 14, 2016 	2140 	2149 	2133 	2133 	0 	+0.43(+0.02%)
Oct 13, 2016 	2130 	2138 	2115 	2133 	0 	-6.62(-0.31%)
Oct 12, 2016 	2138 	2145 	2133 	2139 	0 	+2.44(+0.11%)
Oct 11, 2016 	2161 	2162 	2129 	2137 	0 	-26.93(-1.24%)
Oct 10, 2016 	2160 	2170 	2160 	2164 	0 	+9.92(+0.46%)
Oct 07, 2016 	2164 	2166 	2145 	2154 	0 	-7.03(-0.33%)
Oct 06, 2016 	2158 	2163 	2150 	2161 	0 	+1.04(+0.05%)
Oct 05, 2016 	2155 	2164 	2155 	2160 	0 	+9.24(+0.43%)
Oct 04, 2016 	2163 	2165 	2144 	2150 	0 	+4.39(+0.20%)
Sep 26, 2016 	2159 	2159 	2145 	2146 	0 	-18.59(-0.86%)
Sep 23, 2016 	2173 	2174 	2164 	2165 	0 	-12.49(-0.57%)
Sep 22, 2016 	2171 	2180 	2171 	2177 	0 	+14.06(+0.65%)
Sep 21, 2016 	2145 	2165 	2140 	2163 	0 	+23.36(+1.09%)
Sep 20, 2016 	2146 	2151 	2139 	2140 	0 	+0.64(+0.03%)
Sep 19, 2016 	2148 	2154 	2136 	2139 	0 	-0.04(-0.00%)
Sep 16, 2016 	2146 	2146 	2131 	2139 	0 	-8.10(-0.38%)
Sep 15, 2016 	2125 	2151 	2122 	2147 	0 	+21.49(+1.01%)
Sep 14, 2016 	2128 	2141 	2120 	2126 	0 	-1.25(-0.06%)
Sep 13, 2016 	2150 	2150 	2120 	2127 	0 	-32.02(-1.48%)
Sep 12, 2016 	2121 	2163 	2119 	2159 	0 	+31.23(+1.47%)
Sep 09, 2016 	2169 	2169 	2128 	2128 	0 	-53.49(-2.45%)
Sep 08, 2016 	2183 	2185 	2177 	2181 	0 	-4.85(-0.22%)
Sep 07, 2016 	2185 	2188 	2179 	2186 	0 	-0.33(-0.02%)
Sep 06, 2016 	2182 	2187 	2175 	2186 	0 	+6.50(+0.30%)
Sep 02, 2016 	2180 	2180 	2180 	2180 	0 	+9.12(+0.42%)
Sep 01, 2016 	2171 	2174 	2157 	2171 	0 	-0.09(-0.00%)
Aug 31, 2016 	2174 	2174 	2161 	2171 	0 	-5.17(-0.24%)
Aug 30, 2016 	2179 	2182 	2170 	2176 	0 	-4.26(-0.20%)
Aug 29, 2016 	2170 	2183 	2170 	2180 	0 	+11.34(+0.52%)
Aug 26, 2016 	2175 	2188 	2160 	2169 	0 	-3.43(-0.16%)
Aug 25, 2016 	2173 	2179 	2170 	2172 	0 	-2.97(-0.14%)
Aug 24, 2016 	2185 	2187 	2171 	2175 	0 	-11.46(-0.52%)
Aug 23, 2016 	2188 	2193 	2187 	2187 	0 	+4.26(+0.20%)
Aug 22, 2016 	2182 	2185 	2176 	2183 	0 	-1.23(-0.06%)
Aug 19, 2016 	2184 	2185 	2175 	2184 	0 	-3.15(-0.14%)
Aug 18, 2016 	2182 	2187 	2180 	2187 	0 	+4.80(+0.22%)
Aug 17, 2016 	2178 	2183 	2168 	2182 	0 	+4.07(+0.19%)
Aug 16, 2016 	2186 	2186 	2178 	2178 	0 	-12.00(-0.55%)
Aug 15, 2016 	2186 	2194 	2186 	2190 	0 	+6.10(+0.28%)
Aug 12, 2016 	2184 	2186 	2179 	2184 	0 	-1.74(-0.08%)
Aug 11, 2016 	2178 	2188 	2178 	2186 	0 	+10.30(+0.47%)
Aug 10, 2016 	2183 	2183 	2172 	2175 	0 	-6.25(-0.29%)
Aug 09, 2016 	2182 	2188 	2179 	2182 	0 	+0.85(+0.04%)
Aug 08, 2016 	2184 	2185 	2178 	2181 	0 	-1.98(-0.09%)
Aug 05, 2016 	2169 	2183 	2169 	2183 	0 	+18.62(+0.86%)
Aug 04, 2016 	2164 	2168 	2159 	2164 	0 	+0.46(+0.02%)
Aug 03, 2016 	2157 	2164 	2153 	2164 	0 	+6.76(+0.31%)
Aug 02, 2016 	2170 	2170 	2148 	2157 	0 	-13.81(-0.64%)
Aug 01, 2016 	2173 	2178 	2166 	2171 	0 	-2.76(-0.13%)
Jul 29, 2016 	2169 	2177 	2163 	2174 	0 	+3.54(+0.16%)
Jul 28, 2016 	2166 	2173 	2160 	2170 	0 	+3.48(+0.16%)
Jul 27, 2016 	2170 	2175 	2159 	2167 	0 	-2.60(-0.12%)
Jul 26, 2016 	2169 	2174 	2160 	2169 	0 	+0.70(+0.03%)
Jul 25, 2016 	2174 	2174 	2162 	2168 	0 	-6.55(-0.30%)
Jul 22, 2016 	2166 	2175 	2163 	2175 	0 	+9.86(+0.46%)
Jul 21, 2016 	2173 	2175 	2160 	2165 	0 	-7.85(-0.36%)
Jul 20, 2016 	2166 	2176 	2165 	2173 	0 	+9.24(+0.43%)
Jul 19, 2016 	2164 	2165 	2159 	2164 	0 	-3.11(-0.14%)
Jul 18, 2016 	2162 	2168 	2160 	2167 	0 	+5.15(+0.24%)
Jul 15, 2016 	2165 	2169 	2156 	2162 	0 	-2.01(-0.09%)
Jul 14, 2016 	2158 	2169 	2158 	2164 	0 	+11.32(+0.53%)
Jul 13, 2016 	2154 	2156 	2146 	2152 	0 	+0.29(+0.01%)
Jul 12, 2016 	2140 	2155 	2140 	2152 	0 	+14.98(+0.70%)
Jul 11, 2016 	2132 	2143 	2132 	2137 	0 	+7.26(+0.34%)
Jul 08, 2016 	2107 	2132 	2107 	2130 	0 	+32.00(+1.53%)
Jul 07, 2016 	2100 	2109 	2089 	2098 	0 	+9.35(+0.45%)
Jul 05, 2016 	2095 	2095 	2081 	2089 	0 	-14.40(-0.68%)
Jul 01, 2016 	2103 	2103 	2103 	2103 	0 	+4.09(+0.19%)
Jun 30, 2016 	2073 	2099 	2070 	2099 	0 	+28.09(+1.36%)
Jun 29, 2016 	2043 	2073 	2043 	2071 	0 	+34.68(+1.70%)
Jun 28, 2016 	2007 	2036 	2007 	2036 	0 	+35.55(+1.78%)
Jun 27, 2016 	2031 	2031 	1992 	2001 	0 	-36.87(-1.81%)
Jun 24, 2016 	2104 	2104 	2033 	2037 	0 	-75.91(-3.59%)
Jun 23, 2016 	2093 	2113 	2093 	2113 	0 	+27.87(+1.34%)
Jun 22, 2016 	2090 	2100 	2084 	2085 	0 	-3.45(-0.17%)
Jun 21, 2016 	2085 	2094 	2083 	2089 	0 	+5.65(+0.27%)
Jun 20, 2016 	2076 	2101 	2076 	2083 	0 	+12.03(+0.58%)
Jun 17, 2016 	2078 	2078 	2063 	2071 	0 	-6.77(-0.33%)
Jun 16, 2016 	2066 	2080 	2050 	2078 	0 	+6.49(+0.31%)
Jun 15, 2016 	2078 	2086 	2070 	2072 	0 	-3.82(-0.18%)
Jun 14, 2016 	2077 	2081 	2064 	2075 	0 	-3.74(-0.18%)
Jun 13, 2016 	2092 	2098 	2078 	2079 	0 	-17.01(-0.81%)
Jun 10, 2016 	2110 	2110 	2090 	2096 	0 	-19.41(-0.92%)
Jun 09, 2016 	2116 	2118 	2108 	2115 	0 	-3.64(-0.17%)
Jun 08, 2016 	2113 	2121 	2113 	2119 	0 	+6.99(+0.33%)
Jun 07, 2016 	2110 	2119 	2110 	2112 	0 	+2.72(+0.13%)
Jun 06, 2016 	2101 	2113 	2101 	2109 	0 	+10.28(+0.49%)
Jun 03, 2016 	2104 	2104 	2085 	2099 	0 	-6.13(-0.29%)
Jun 02, 2016 	2098 	2105 	2089 	2105 	0 	+5.93(+0.28%)
Jun 01, 2016 	2094 	2101 	2085 	2099 	0 	+2.38(+0.11%)
May 31, 2016 	2100 	2103 	2089 	2097 	0 	-2.11(-0.10%)
May 27, 2016 	2099 	2099 	2099 	2099 	0 	+8.96(+0.43%)
May 26, 2016 	2091 	2094 	2087 	2090 	0 	-0.44(-0.02%)
May 25, 2016 	2079 	2095 	2079 	2091 	0 	+14.48(+0.70%)
May 24, 2016 	2053 	2080 	2053 	2076 	0 	+28.02(+1.37%)
May 23, 2016 	2052 	2056 	2047 	2048 	0 	-4.28(-0.21%)
May 20, 2016 	2042 	2058 	2042 	2052 	0 	+12.28(+0.60%)
May 19, 2016 	2044 	2044 	2026 	2040 	0 	-7.59(-0.37%)
May 18, 2016 	2044 	2061 	2034 	2048 	0 	+0.42(+0.02%)
May 17, 2016 	2065 	2066 	2041 	2047 	0 	-19.45(-0.94%)
May 16, 2016 	2047 	2072 	2047 	2067 	0 	+20.05(+0.98%)
May 13, 2016 	2062 	2067 	2043 	2047 	0 	-17.50(-0.85%)
May 12, 2016 	2067 	2074 	2053 	2064 	0 	-0.35(-0.02%)
May 11, 2016 	2083 	2083 	2064 	2064 	0 	-19.93(-0.96%)
May 10, 2016 	2063 	2085 	2063 	2084 	0 	+25.70(+1.25%)
May 09, 2016 	2058 	2064 	2054 	2059 	0 	+1.55(+0.08%)
May 06, 2016 	2048 	2058 	2039 	2057 	0 	+6.51(+0.32%)
May 05, 2016 	2053 	2060 	2046 	2051 	0 	-0.49(-0.02%)
May 04, 2016 	2060 	2060 	2046 	2051 	0 	-12.25(-0.59%)
May 03, 2016 	2077 	2077 	2055 	2063 	0 	-18.06(-0.87%)
May 02, 2016 	2067 	2083 	2066 	2081 	0 	+16.13(+0.78%)
Apr 29, 2016 	2072 	2074 	2052 	2065 	0 	-10.51(-0.51%)
Apr 28, 2016 	2091 	2099 	2072 	2076 	0 	-19.34(-0.92%)
Apr 27, 2016 	2092 	2100 	2082 	2095 	0 	+3.45(+0.16%)
Apr 26, 2016 	2090 	2097 	2086 	2092 	0 	+3.91(+0.19%)
Apr 25, 2016 	2089 	2089 	2078 	2088 	0 	-3.79(-0.18%)
Apr 22, 2016 	2091 	2094 	2081 	2092 	0 	+0.10(+0.00%)
Apr 21, 2016 	2102 	2104 	2089 	2091 	0 	-10.92(-0.52%)
Apr 20, 2016 	2102 	2111 	2096 	2102 	0 	+1.60(+0.08%)
Apr 19, 2016 	2096 	2104 	2092 	2101 	0 	+6.46(+0.31%)
Apr 18, 2016 	2079 	2095 	2074 	2094 	0 	+13.61(+0.65%)
Apr 15, 2016 	2083 	2083 	2076 	2081 	0 	-2.05(-0.10%)
Apr 14, 2016 	2083 	2088 	2078 	2083 	0 	+0.36(+0.02%)
Apr 13, 2016 	2066 	2083 	2066 	2082 	0 	+20.70(+1.00%)
Apr 12, 2016 	2044 	2065 	2040 	2062 	0 	+19.73(+0.97%)
Apr 11, 2016 	2050 	2063 	2042 	2042 	0 	-5.61(-0.27%)
Apr 08, 2016 	2046 	2061 	2042 	2048 	0 	+5.69(+0.28%)
Apr 07, 2016 	2063 	2063 	2034 	2042 	0 	-24.75(-1.20%)
Apr 06, 2016 	2046 	2067 	2043 	2067 	0 	+21.49(+1.05%)
Apr 05, 2016 	2062 	2062 	2043 	2045 	0 	-20.96(-1.01%)
Apr 04, 2016 	2073 	2074 	2063 	2066 	0 	-6.65(-0.32%)
Apr 01, 2016 	2057 	2075 	2044 	2073 	0 	+13.04(+0.63%)
Mar 31, 2016 	2064 	2068 	2057 	2060 	0 	-4.21(-0.20%)
Mar 30, 2016 	2058 	2072 	2058 	2064 	0 	+8.94(+0.44%)
Mar 29, 2016 	2036 	2056 	2028 	2055 	0 	+17.96(+0.88%)
Mar 28, 2016 	2038 	2043 	2032 	2037 	0 	+1.11(+0.05%)
Mar 24, 2016 	2036 	2036 	2036 	2036 	0 	-0.77(-0.04%)
Mar 23, 2016 	2049 	2049 	2035 	2037 	0 	-13.09(-0.64%)
Mar 22, 2016 	2049 	2057 	2041 	2050 	0 	-1.80(-0.09%)
Mar 21, 2016 	2048 	2054 	2043 	2052 	0 	+2.02(+0.10%)
Mar 18, 2016 	2041 	2052 	2041 	2050 	0 	+8.99(+0.44%)
Mar 17, 2016 	2027 	2046 	2022 	2041 	0 	+13.37(+0.66%)
Mar 16, 2016 	2014 	2032 	2010 	2027 	0 	+11.29(+0.56%)
Mar 15, 2016 	2015 	2016 	2005 	2016 	0 	-3.71(-0.18%)
Mar 14, 2016 	2019 	2025 	2012 	2020 	0 	-2.55(-0.13%)
Mar 11, 2016 	1995 	2022 	1995 	2022 	0 	+32.62(+1.64%)
Mar 10, 2016 	1991 	2005 	1969 	1990 	0 	+0.31(+0.02%)
Mar 09, 2016 	1981 	1993 	1980 	1989 	0 	+10.00(+0.51%)
Mar 08, 2016 	1997 	1997 	1977 	1979 	0 	-22.50(-1.12%)
Mar 07, 2016 	1996 	2006 	1989 	2002 	0 	+1.77(+0.09%)
Mar 04, 2016 	1994 	2009 	1987 	2000 	0 	+6.59(+0.33%)
Mar 03, 2016 	1986 	1994 	1977 	1993 	0 	+6.95(+0.35%)
Mar 02, 2016 	1977 	1987 	1969 	1986 	0 	+8.10(+0.41%)
Feb 29, 2016 	1947 	1958 	1932 	1932 	0 	-15.82(-0.81%)
Feb 26, 2016 	1955 	1963 	1946 	1948 	0 	-3.65(-0.19%)
Feb 25, 2016 	1932 	1952 	1925 	1952 	0 	+21.90(+1.13%)
Feb 24, 2016 	1921 	1932 	1891 	1930 	0 	+8.53(+0.44%)
Feb 23, 2016 	1942 	1942 	1919 	1921 	0 	-24.23(-1.25%)
Feb 22, 2016 	1918 	1947 	1918 	1946 	0 	+27.72(+1.45%)
Feb 19, 2016 	1917 	1919 	1902 	1918 	0 	-0.05(-0.00%)
Feb 18, 2016 	1928 	1930 	1915 	1918 	0 	+22.25(+1.17%)
Feb 16, 2016 	1871 	1896 	1871 	1896 	0 	+30.80(+1.65%)
Feb 12, 2016 	1865 	1865 	1865 	1865 	0 	+35.70(+1.95%)
Feb 11, 2016 	1847 	1847 	1810 	1829 	0 	-22.78(-1.23%)
Feb 10, 2016 	1857 	1882 	1850 	1852 	0 	-0.35(-0.02%)
Feb 09, 2016 	1848 	1868 	1835 	1852 	0 	-1.23(-0.07%)
Feb 08, 2016 	1873 	1873 	1828 	1853 	0 	-26.61(-1.42%)
Feb 05, 2016 	1913 	1913 	1873 	1880 	0 	-35.40(-1.85%)
Feb 04, 2016 	1912 	1927 	1901 	1915 	0 	+2.92(+0.15%)
Feb 03, 2016 	1907 	1918 	1872 	1913 	0 	+9.50(+0.50%)
Feb 02, 2016 	1935 	1935 	1897 	1903 	0 	-36.35(-1.87%)
Feb 01, 2016 	1937 	1947 	1920 	1939 	0 	-0.86(-0.04%)
Jan 29, 2016 	1894 	1940 	1894 	1940 	0 	+46.88(+2.48%)
Jan 28, 2016 	1885 	1903 	1874 	1893 	0 	+10.41(+0.55%)
Jan 27, 2016 	1903 	1917 	1873 	1883 	0 	-20.68(-1.09%)
Jan 26, 2016 	1879 	1907 	1879 	1904 	0 	+26.55(+1.41%)
Jan 25, 2016 	1906 	1906 	1876 	1877 	0 	-29.82(-1.56%)
Jan 22, 2016 	1877 	1909 	1877 	1907 	0 	+37.91(+2.03%)
Jan 21, 2016 	1861 	1890 	1849 	1869 	0 	+9.66(+0.52%)
Jan 20, 2016 	1876 	1876 	1812 	1859 	0 	-22.00(-1.17%)
Jan 19, 2016 	1880 	1901 	1865 	1881 	0 	+1.00(+0.05%)
Jan 15, 2016 	1880 	1880 	1880 	1880 	0 	-41.51(-2.16%)
Jan 14, 2016 	1892 	1934 	1879 	1922 	0 	+31.56(+1.67%)
Jan 13, 2016 	1940 	1950 	1886 	1890 	0 	-48.40(-2.50%)
Jan 12, 2016 	1928 	1947 	1914 	1939 	0 	+15.01(+0.78%)
Jan 11, 2016 	1926 	1936 	1901 	1924 	0 	+1.64(+0.09%)
Jan 08, 2016 	1946 	1960 	1918 	1922 	0 	-21.06(-1.08%)
Jan 07, 2016 	1985 	1985 	1939 	1943 	0 	-47.17(-2.37%)
Jan 06, 2016 	2012 	2012 	1979 	1990 	0 	-26.45(-1.31%)
Jan 05, 2016 	2014 	2022 	2004 	2017 	0 	+4.05(+0.20%)
Jan 04, 2016 	2038 	2038 	1990 	2013 	0 	-31.28(-1.53%)
Dec 31, 2015 	2044 	2044 	2044 	2044 	0 	-19.42(-0.94%)
Dec 30, 2015 	2077 	2077 	2062 	2063 	0 	-15.00(-0.72%)
Dec 29, 2015 	2061 	2082 	2061 	2078 	0 	+21.86(+1.06%)
Dec 28, 2015 	2058 	2058 	2044 	2056 	0 	-4.49(-0.22%)
Dec 24, 2015 	2061 	2061 	2061 	2061 	0 	-3.30(-0.16%)
Dec 23, 2015 	2042 	2065 	2042 	2064 	0 	+25.32(+1.24%)
Dec 22, 2015 	2023 	2043 	2020 	2039 	0 	+17.82(+0.88%)
Dec 21, 2015 	2010 	2023 	2006 	2021 	0 	+15.60(+0.78%)
Dec 18, 2015 	2041 	2041 	2005 	2006 	0 	-36.34(-1.78%)
Dec 17, 2015 	2074 	2076 	2042 	2042 	0 	-31.18(-1.50%)
Dec 16, 2015 	2046 	2077 	2042 	2073 	0 	+29.66(+1.45%)
Dec 15, 2015 	2026 	2054 	2026 	2043 	0 	+21.47(+1.06%)
Dec 14, 2015 	2013 	2023 	1993 	2022 	0 	+9.57(+0.48%)
Dec 11, 2015 	2047 	2047 	2009 	2012 	0 	-39.86(-1.94%)
Dec 10, 2015 	2048 	2068 	2046 	2052 	0 	+4.61(+0.23%)
Dec 09, 2015 	2061 	2080 	2037 	2048 	0 	-15.97(-0.77%)
Dec 08, 2015 	2073 	2074 	2052 	2064 	0 	-13.48(-0.65%)
Dec 07, 2015 	2090 	2090 	2067 	2077 	0 	-14.62(-0.70%)
Dec 04, 2015 	2051 	2094 	2051 	2092 	0 	+42.07(+2.05%)
Dec 03, 2015 	2081 	2085 	2042 	2050 	0 	-29.89(-1.44%)
Dec 02, 2015 	2102 	2104 	2077 	2080 	0 	-23.12(-1.10%)
Dec 01, 2015 	2083 	2103 	2083 	2103 	0 	+22.22(+1.07%)
Nov 30, 2015 	2091 	2094 	2080 	2080 	0 	-9.70(-0.46%)
Nov 27, 2015 	2089 	2093 	2084 	2090 	0 	+1.24(+0.06%)
Nov 25, 2015 	2089 	2089 	2089 	2089 	0 	-0.27(-0.01%)
Nov 24, 2015 	2084 	2094 	2070 	2089 	0 	+2.55(+0.12%)
Nov 23, 2015 	2089 	2096 	2081 	2087 	0 	-2.58(-0.12%)
Nov 20, 2015 	2083 	2097 	2083 	2089 	0 	+7.93(+0.38%)
Nov 19, 2015 	2084 	2087 	2079 	2081 	0 	-2.34(-0.11%)
Nov 18, 2015 	2052 	2085 	2052 	2084 	0 	+33.14(+1.62%)
Nov 17, 2015 	2054 	2067 	2046 	2050 	0 	-2.75(-0.13%)
Nov 16, 2015 	2022 	2053 	2019 	2053 	0 	+30.15(+1.49%)
Nov 13, 2015 	2045 	2045 	2022 	2023 	0 	-22.93(-1.12%)
Nov 12, 2015 	2072 	2072 	2046 	2046 	0 	-29.03(-1.40%)
Nov 11, 2015 	2083 	2087 	2075 	2075 	0 	-6.72(-0.32%)
Nov 10, 2015 	2077 	2084 	2070 	2082 	0 	+3.14(+0.15%)
Nov 09, 2015 	2097 	2097 	2068 	2079 	0 	-20.62(-0.98%)
Nov 06, 2015 	2099 	2102 	2084 	2099 	0 	-0.73(-0.03%)
Nov 05, 2015 	2102 	2109 	2090 	2100 	0 	-2.38(-0.11%)
Nov 04, 2015 	2111 	2115 	2097 	2102 	0 	-7.48(-0.35%)
Nov 03, 2015 	2103 	2116 	2098 	2110 	0 	+5.74(+0.27%)
Nov 02, 2015 	2081 	2106 	2081 	2104 	0 	+24.69(+1.19%)
Oct 30, 2015 	2090 	2094 	2079 	2079 	0 	-10.05(-0.48%)
Oct 29, 2015 	2088 	2093 	2083 	2089 	0 	-0.94(-0.04%)
Oct 28, 2015 	2066 	2090 	2063 	2090 	0 	+24.46(+1.18%)
Oct 27, 2015 	2069 	2070 	2059 	2066 	0 	-5.29(-0.26%)
Oct 26, 2015 	2075 	2075 	2067 	2071 	0 	-3.97(-0.19%)
Oct 23, 2015 	2058 	2080 	2058 	2075 	0 	+22.64(+1.10%)
Oct 22, 2015 	2022 	2055 	2022 	2053 	0 	+33.57(+1.66%)
Oct 21, 2015 	2033 	2038 	2017 	2019 	0 	-11.83(-0.58%)
Oct 20, 2015 	2033 	2039 	2027 	2031 	0 	-2.89(-0.14%)
Oct 19, 2015 	2032 	2034 	2022 	2034 	0 	+0.55(+0.03%)
Oct 16, 2015 	2024 	2034 	2020 	2033 	0 	+9.25(+0.46%)
Oct 15, 2015 	1996 	2024 	1996 	2024 	0 	+29.62(+1.49%)
Oct 14, 2015 	2004 	2010 	1991 	1994 	0 	-9.45(-0.47%)
Oct 13, 2015 	2015 	2022 	2002 	2004 	0 	-13.77(-0.68%)
Oct 12, 2015 	2016 	2019 	2011 	2017 	0 	+2.57(+0.13%)
Oct 09, 2015 	2014 	2020 	2008 	2015 	0 	+1.46(+0.07%)
Oct 08, 2015 	1994 	2016 	1988 	2013 	0 	+17.60(+0.88%)
Oct 07, 2015 	1982 	1999 	1976 	1996 	0 	+15.91(+0.80%)
Oct 06, 2015 	1987 	1992 	1972 	1980 	0 	-7.13(-0.36%)
Oct 05, 2015 	1954 	1989 	1954 	1987 	0 	+35.69(+1.83%)
Oct 02, 2015 	1924 	1951 	1894 	1951 	0 	+27.54(+1.43%)
Oct 01, 2015 	1920 	1927 	1901 	1924 	0 	+3.79(+0.20%)
Sep 30, 2015 	1887 	1921 	1887 	1920 	0 	+35.94(+1.91%)
Sep 29, 2015 	1882 	1899 	1872 	1884 	0 	+2.32(+0.12%)
Sep 28, 2015 	1929 	1929 	1879 	1882 	0 	-49.57(-2.57%)
Sep 25, 2015 	1936 	1953 	1922 	1931 	0 	-0.90(-0.05%)
Sep 24, 2015 	1935 	1937 	1909 	1932 	0 	-6.52(-0.34%)
Sep 23, 2015 	1943 	1950 	1933 	1939 	0 	-3.98(-0.20%)
Sep 22, 2015 	1961 	1961 	1929 	1943 	0 	-24.23(-1.23%)
Sep 21, 2015 	1961 	1980 	1956 	1967 	0 	+8.94(+0.46%)
Sep 18, 2015 	1990 	1990 	1953 	1958 	0 	-32.17(-1.62%)
Sep 17, 2015 	1995 	2021 	1987 	1990 	0 	-5.11(-0.26%)
Sep 16, 2015 	1978 	1997 	1978 	1995 	0 	+17.22(+0.87%)
Sep 15, 2015 	1955 	1983 	1954 	1978 	0 	+25.06(+1.28%)
Sep 14, 2015 	1963 	1963 	1948 	1953 	0 	-8.02(-0.41%)
Sep 11, 2015 	1951 	1961 	1939 	1961 	0 	+8.76(+0.45%)
Sep 10, 2015 	1942 	1965 	1937 	1952 	0 	+10.25(+0.53%)
Sep 09, 2015 	1971 	1989 	1938 	1942 	0 	-27.37(-1.39%)
Sep 08, 2015 	1927 	1970 	1927 	1969 	0 	+48.19(+2.51%)
Sep 04, 2015 	1921 	1921 	1921 	1921 	0 	-29.91(-1.53%)
Sep 03, 2015 	1951 	1975 	1945 	1951 	0 	+2.27(+0.12%)
Sep 02, 2015 	1917 	1949 	1917 	1949 	0 	+35.01(+1.83%)
Sep 01, 2015 	1970 	1970 	1903 	1914 	0 	-58.33(-2.96%)
Aug 31, 2015 	1987 	1987 	1966 	1972 	0 	-16.69(-0.84%)
Aug 28, 2015 	1986 	1993 	1975 	1989 	0 	+1.21(+0.06%)
Aug 27, 2015 	1943 	1990 	1943 	1988 	0 	+47.15(+2.43%)
Aug 26, 2015 	1873 	1943 	1873 	1941 	0 	+72.89(+3.90%)
Aug 25, 2015 	1898 	1948 	1867 	1868 	0 	-25.59(-1.35%)
Aug 24, 2015 	1965 	1965 	1867 	1893 	0 	-77.68(-3.94%)
Aug 21, 2015 	2034 	2034 	1971 	1971 	0 	-64.84(-3.19%)
Aug 20, 2015 	2077 	2077 	2036 	2036 	0 	-43.88(-2.11%)
Aug 19, 2015 	2096 	2096 	2071 	2080 	0 	-17.31(-0.83%)
Aug 18, 2015 	2102 	2103 	2094 	2097 	0 	-5.52(-0.26%)
Aug 17, 2015 	2090 	2103 	2079 	2102 	0 	+10.90(+0.52%)
Aug 14, 2015 	2083 	2092 	2081 	2092 	0 	+8.15(+0.39%)
Aug 13, 2015 	2086 	2093 	2078 	2083 	0 	-2.66(-0.13%)
Aug 12, 2015 	2081 	2089 	2052 	2086 	0 	+1.98(+0.10%)
Aug 11, 2015 	2103 	2103 	2076 	2084 	0 	-20.11(-0.96%)
Aug 10, 2015 	2081 	2105 	2081 	2104 	0 	+26.61(+1.28%)
Aug 07, 2015 	2083 	2083 	2068 	2078 	0 	-5.99(-0.29%)
Aug 06, 2015 	2101 	2103 	2076 	2084 	0 	-16.28(-0.78%)
Aug 05, 2015 	2095 	2113 	2095 	2100 	0 	+6.52(+0.31%)
Aug 04, 2015 	2098 	2103 	2089 	2093 	0 	-4.72(-0.22%)
Aug 03, 2015 	2104 	2106 	2087 	2098 	0 	-5.80(-0.28%)
Jul 31, 2015 	2112 	2114 	2102 	2104 	0 	-4.79(-0.23%)
Jul 30, 2015 	2107 	2110 	2095 	2109 	0 	+0.06(+0.00%)
Jul 29, 2015 	2095 	2111 	2094 	2109 	0 	+15.32(+0.73%)
Jul 28, 2015 	2071 	2096 	2069 	2093 	0 	+25.61(+1.24%)
Jul 27, 2015 	2078 	2078 	2064 	2068 	0 	-12.01(-0.58%)
Jul 24, 2015 	2102 	2106 	2077 	2080 	0 	-22.50(-1.07%)
Jul 23, 2015 	2114 	2117 	2099 	2102 	0 	-12.00(-0.57%)
Jul 22, 2015 	2118 	2119 	2110 	2114 	0 	-5.06(-0.24%)
Jul 21, 2015 	2128 	2128 	2115 	2119 	0 	-9.07(-0.43%)
Jul 20, 2015 	2127 	2133 	2124 	2128 	0 	+1.64(+0.08%)
Jul 17, 2015 	2127 	2129 	2120 	2127 	0 	+2.35(+0.11%)
Jul 16, 2015 	2111 	2124 	2111 	2124 	0 	+16.89(+0.80%)
Jul 15, 2015 	2109 	2114 	2102 	2107 	0 	-1.55(-0.07%)
Jul 14, 2015 	2100 	2112 	2098 	2109 	0 	+9.35(+0.45%)
Jul 13, 2015 	2080 	2101 	2080 	2100 	0 	+22.98(+1.11%)
Jul 10, 2015 	2053 	2081 	2053 	2077 	0 	+25.31(+1.23%)
Jul 09, 2015 	2050 	2074 	2050 	2051 	0 	+4.62(+0.23%)
Jul 08, 2015 	2078 	2078 	2045 	2047 	0 	-34.65(-1.66%)
Jul 07, 2015 	2070 	2084 	2044 	2081 	0 	+12.58(+0.61%)
Jul 06, 2015 	2074 	2079 	2058 	2069 	0 	-8.02(-0.39%)
Jul 02, 2015 	2077 	2077 	2077 	2077 	0 	-0.64(-0.03%)
Jul 01, 2015 	2067 	2083 	2067 	2077 	0 	+14.30(+0.69%)
Jun 30, 2015 	2061 	2074 	2056 	2063 	0 	+5.48(+0.27%)
Jun 29, 2015 	2099 	2099 	2057 	2058 	0 	-43.85(-2.09%)
Jun 26, 2015 	2103 	2109 	2095 	2101 	0 	-0.82(-0.04%)
Jun 25, 2015 	2110 	2116 	2102 	2102 	0 	-6.27(-0.30%)
Jun 24, 2015 	2124 	2125 	2109 	2109 	0 	-15.62(-0.74%)
Jun 23, 2015 	2123 	2128 	2120 	2124 	0 	+1.35(+0.06%)
Jun 22, 2015 	2112 	2130 	2112 	2123 	0 	+12.86(+0.61%)
Jun 19, 2015 	2121 	2122 	2109 	2110 	0 	-11.25(-0.53%)
Jun 18, 2015 	2102 	2127 	2102 	2121 	0 	+20.80(+0.99%)
Jun 17, 2015 	2097 	2107 	2089 	2100 	0 	+4.15(+0.20%)
Jun 16, 2015 	2084 	2097 	2082 	2096 	0 	+11.86(+0.57%)
Jun 15, 2015 	2091 	2091 	2072 	2084 	0 	-9.68(-0.46%)
Jun 12, 2015 	2107 	2107 	2091 	2094 	0 	-14.75(-0.70%)
Jun 11, 2015 	2106 	2115 	2106 	2109 	0 	+3.66(+0.17%)
Jun 10, 2015 	2081 	2108 	2081 	2105 	0 	+25.05(+1.20%)
Jun 09, 2015 	2079 	2086 	2072 	2080 	0 	+0.87(+0.04%)
Jun 08, 2015 	2092 	2093 	2079 	2079 	0 	-13.55(-0.65%)
Jun 05, 2015 	2095 	2101 	2086 	2093 	0 	-3.01(-0.14%)
Jun 04, 2015 	2112 	2113 	2093 	2096 	0 	-18.23(-0.86%)
Jun 03, 2015 	2111 	2122 	2110 	2114 	0 	+4.47(+0.21%)
Jun 02, 2015 	2110 	2118 	2099 	2110 	0 	-2.13(-0.10%)
Jun 01, 2015 	2109 	2119 	2103 	2112 	0 	+4.34(+0.21%)
May 29, 2015 	2121 	2121 	2105 	2107 	0 	-13.40(-0.63%)
May 28, 2015 	2122 	2122 	2113 	2121 	0 	+16.59(+0.79%)
May 26, 2015 	2125 	2125 	2099 	2104 	0 	-21.86(-1.03%)
May 22, 2015 	2126 	2126 	2126 	2126 	0 	-4.76(-0.22%)
May 21, 2015 	2126 	2134 	2123 	2131 	0 	+4.97(+0.23%)
May 20, 2015 	2128 	2135 	2123 	2126 	0 	-1.98(-0.09%)
May 19, 2015 	2129 	2133 	2124 	2128 	0 	-1.37(-0.06%)
May 18, 2015 	2121 	2132 	2120 	2129 	0 	+6.47(+0.30%)
May 15, 2015 	2122 	2124 	2117 	2123 	0 	+1.63(+0.08%)
May 14, 2015 	2100 	2121 	2100 	2121 	0 	+22.62(+1.08%)
May 13, 2015 	2100 	2110 	2096 	2098 	0 	-0.64(-0.03%)
May 12, 2015 	2103 	2105 	2086 	2099 	0 	-6.21(-0.29%)
May 11, 2015 	2116 	2118 	2105 	2105 	0 	-10.77(-0.51%)
May 08, 2015 	2092 	2118 	2092 	2116 	0 	+28.10(+1.35%)
May 07, 2015 	2080 	2093 	2075 	2088 	0 	+7.85(+0.38%)
May 06, 2015 	2091 	2098 	2068 	2080 	0 	-9.31(-0.45%)
May 05, 2015 	2113 	2115 	2088 	2089 	0 	-25.03(-1.18%)
May 04, 2015 	2110 	2121 	2110 	2114 	0 	+6.20(+0.29%)
May 01, 2015 	2087 	2108 	2087 	2108 	0 	+22.78(+1.09%)
Apr 30, 2015 	2106 	2106 	2078 	2086 	0 	-21.34(-1.01%)
Apr 29, 2015 	2112 	2114 	2097 	2107 	0 	-7.91(-0.37%)
Apr 28, 2015 	2108 	2116 	2095 	2115 	0 	+5.84(+0.28%)
Apr 27, 2015 	2119 	2126 	2107 	2109 	0 	-8.77(-0.41%)
Apr 24, 2015 	2113 	2121 	2113 	2118 	0 	+4.76(+0.23%)
Apr 23, 2015 	2107 	2120 	2103 	2113 	0 	+4.97(+0.24%)
Apr 22, 2015 	2098 	2110 	2091 	2108 	0 	+10.67(+0.51%)
Apr 21, 2015 	2103 	2110 	2094 	2097 	0 	-3.11(-0.15%)
Apr 20, 2015 	2084 	2104 	2084 	2100 	0 	+19.22(+0.92%)
Apr 17, 2015 	2103 	2103 	2072 	2081 	0 	-23.81(-1.13%)
Apr 16, 2015 	2106 	2111 	2100 	2105 	0 	-1.64(-0.08%)
Apr 15, 2015 	2098 	2112 	2098 	2107 	0 	+10.79(+0.51%)
Apr 14, 2015 	2092 	2099 	2083 	2096 	0 	+3.41(+0.16%)
Apr 13, 2015 	2102 	2108 	2092 	2092 	0 	-9.63(-0.46%)
Apr 10, 2015 	2092 	2103 	2092 	2102 	0 	+10.88(+0.52%)
Apr 09, 2015 	2081 	2093 	2074 	2091 	0 	+9.28(+0.45%)
Apr 08, 2015 	2077 	2087 	2073 	2082 	0 	+5.57(+0.27%)
Apr 07, 2015 	2081 	2090 	2076 	2076 	0 	-4.29(-0.21%)
Apr 06, 2015 	2065 	2087 	2057 	2081 	0 	+13.66(+0.66%)
Apr 02, 2015 		2067 	2067 	2067 	0 	+7.27(+0.35%)
Apr 01, 2015 	2068 	2068 	2048 	2060 	0 	-8.20(-0.40%)
Mar 31, 2015 	2084 	2084 	2067 	2068 	0 	-18.35(-0.88%)
Mar 30, 2015 	2064 	2089 	2064 	2086 	0 	+25.22(+1.22%)
Mar 27, 2015 	2056 	2063 	2053 	2061 	0 	+4.87(+0.24%)
Mar 26, 2015 	2060 	2067 	2046 	2056 	0 	-4.90(-0.24%)
Mar 25, 2015 	2093 	2097 	2061 	2061 	0 	-30.45(-1.46%)
Mar 24, 2015 	2104 	2108 	2092 	2092 	0 	-12.92(-0.61%)
Mar 23, 2015 	2108 	2115 	2104 	2104 	0 	-3.68(-0.17%)
Mar 20, 2015 	2090 	2114 	2090 	2108 	0 	+18.83(+0.90%)
Mar 19, 2015 	2099 	2099 	2086 	2089 	0 	-10.23(-0.49%)
Mar 18, 2015 	2073 	2107 	2061 	2100 	0 	+25.22(+1.22%)
Mar 17, 2015 	2081 	2081 	2065 	2074 	0 	-6.91(-0.33%)
Mar 16, 2015 	2055 	2081 	2055 	2081 	0 	+27.79(+1.35%)
Mar 13, 2015 	2065 	2065 	2041 	2053 	0 	-12.55(-0.61%)
Mar 12, 2015 	2041 	2066 	2041 	2066 	0 	+25.71(+1.26%)
Mar 11, 2015 	2045 	2050 	2040 	2040 	0 	-3.92(-0.19%)
Mar 10, 2015 	2076 	2076 	2044 	2044 	0 	-35.27(-1.70%)
Mar 09, 2015 	2072 	2083 	2072 	2079 	0 	+8.17(+0.39%)
Mar 06, 2015 			2067 	2071 	0 	-29.78(-1.42%)
Mar 05, 2015 	2099 	2104 	2095 	2101 	0 	+2.51(+0.12%)
Mar 04, 2015 	2097 	2101 	2094 	2099 	0 	-9.25(-0.44%)
Mar 03, 2015 			2102 	2108 	0 	-9.61(-0.45%)
