Feb 11, 2018 	3173 	3180 	3063 	3130 	0 	+0.00(+0.00%)
Feb 10, 2018 	3173 	3180 	3063 	3130 	0 	+0.00(+0.00%)
Feb 09, 2018 	3173 	3180 	3063 	3130 	0 	-132.20(-4.05%)
Feb 08, 2018 	3281 	3307 	3226 	3262 	0 	-47.21(-1.43%)
Feb 07, 2018 	3413 	3426 	3304 	3309 	0 	-61.39(-1.82%)
Feb 06, 2018 	3418 	3440 	3364 	3371 	0 	-116.85(-3.35%)
Feb 05, 2018 	3412 	3488 	3406 	3488 	0 	+25.42(+0.73%)
Feb 04, 2018 	3419 	3463 	3389 	3462 	0 	+0.00(+0.00%)
Feb 03, 2018 	3419 	3463 	3389 	3462 	0 	+0.00(+0.00%)
Feb 02, 2018 	3419 	3463 	3389 	3462 	0 	+15.10(+0.44%)
Feb 01, 2018 	3479 	3495 	3424 	3447 	0 	-33.85(-0.97%)
Jan 31, 2018 	3471 	3495 	3455 	3481 	0 	-7.18(-0.21%)
Jan 30, 2018 	3512 	3523 	3485 	3488 	0 	-34.99(-0.99%)
Jan 29, 2018 	3564 	3587 	3510 	3523 	0 	-35.13(-0.99%)
Jan 28, 2018 	3535 	3575 	3534 	3558 	0 	+0.00(+0.00%)
Jan 27, 2018 	3535 	3575 	3534 	3558 	0 	+0.00(+0.00%)
Jan 26, 2018 	3535 	3575 	3534 	3558 	0 	+9.82(+0.28%)
Jan 25, 2018 	3555 	3571 	3528 	3548 	0 	-11.16(-0.31%)
Jan 24, 2018 	3553 	3569 	3527 	3559 	0 	+12.97(+0.37%)
Jan 23, 2018 	3504 	3547 	3504 	3546 	0 	+45.14(+1.29%)
Jan 22, 2018 	3477 	3503 	3476 	3501 	0 	+13.50(+0.39%)
Jan 21, 2018 	3482 	3498 	3474 	3488 	0 	+0.00(+0.00%)
Jan 20, 2018 	3482 	3498 	3474 	3488 	0 	+0.00(+0.00%)
Jan 19, 2018 	3482 	3498 	3474 	3488 	0 	+13.11(+0.38%)
Jan 18, 2018 	3450 	3477 	3449 	3475 	0 	+30.08(+0.87%)
Jan 17, 2018 	3439 	3465 	3431 	3445 	0 	+8.08(+0.24%)
Jan 16, 2018 	3403 	3438 	3402 	3437 	0 	+26.10(+0.77%)
Jan 15, 2018 	3429 	3442 	3402 	3410 	0 	-18.45(-0.54%)
Jan 14, 2018 	3424 	3435 	3418 	3429 	0 	+0.00(+0.00%)
Jan 13, 2018 	3424 	3435 	3418 	3429 	0 	+0.00(+0.00%)
Jan 12, 2018 	3424 	3435 	3418 	3429 	0 	+3.60(+0.11%)
Jan 11, 2018 	3416 	3426 	3406 	3425 	0 	+3.51(+0.10%)
Jan 10, 2018 	3414 	3430 	3399 	3422 	0 	+7.93(+0.23%)
Jan 09, 2018 	3406 	3417 	3404 	3414 	0 	+4.42(+0.13%)
Jan 08, 2018 	3392 	3413 	3385 	3409 	0 	+17.73(+0.52%)
Jan 07, 2018 	3386 	3402 	3380 	3392 	0 	+0.00(+0.00%)
Jan 06, 2018 	3386 	3402 	3380 	3392 	0 	+0.00(+0.00%)
Jan 05, 2018 	3386 	3402 	3380 	3392 	0 	+6.04(+0.18%)
Jan 04, 2018 	3371 	3393 	3365 	3386 	0 	+16.60(+0.49%)
Jan 03, 2018 	3348 	3380 	3345 	3369 	0 	+20.78(+0.62%)
Jan 02, 2018 	3314 	3349 	3314 	3348 	0 	+41.16(+1.24%)
Jan 01, 2018 	3295 	3308 	3293 	3307 	0 	+0.00(+0.00%)
Dec 31, 2017 	3295 	3308 	3293 	3307 	0 	+0.00(+0.00%)
Dec 30, 2017 	3295 	3308 	3293 	3307 	0 	+0.00(+0.00%)
Dec 29, 2017 	3295 	3308 	3293 	3307 	0 	+10.79(+0.33%)
Dec 28, 2017 	3272 	3304 	3264 	3296 	0 	+20.60(+0.63%)
Dec 27, 2017 	3302 	3307 	3270 	3276 	0 	-30.34(-0.92%)
Dec 26, 2017 	3278 	3307 	3274 	3306 	0 	+25.66(+0.78%)
Dec 25, 2017 	3296 	3312 	3270 	3280 	0 	-16.60(-0.50%)
Dec 24, 2017 	3298 	3307 	3293 	3297 	0 	+0.00(+0.00%)
Dec 23, 2017 	3298 	3307 	3293 	3297 	0 	+0.00(+0.00%)
Dec 22, 2017 	3298 	3307 	3293 	3297 	0 	-3.00(-0.09%)
Dec 21, 2017 	3281 	3309 	3267 	3300 	0 	+12.45(+0.38%)
Dec 20, 2017 	3297 	3300 	3276 	3288 	0 	-8.93(-0.27%)
Dec 19, 2017 	3266 	3297 	3266 	3297 	0 	+28.62(+0.88%)
Dec 18, 2017 	3268 	3281 	3254 	3268 	0 	+1.78(+0.05%)
Dec 17, 2017 	3288 	3288 	3259 	3266 	0 	+0.00(+0.00%)
Dec 16, 2017 	3288 	3288 	3259 	3266 	0 	+0.00(+0.00%)
Dec 15, 2017 	3288 	3288 	3259 	3266 	0 	-26.30(-0.80%)
Dec 14, 2017 	3303 	3310 	3283 	3292 	0 	-10.60(-0.32%)
Dec 13, 2017 	3278 	3304 	3273 	3303 	0 	+22.23(+0.68%)
Dec 12, 2017 	3320 	3320 	3280 	3281 	0 	-41.39(-1.25%)
Dec 11, 2017 	3290 	3323 	3288 	3322 	0 	+32.21(+0.98%)
Dec 10, 2017 	3264 	3297 	3259 	3290 	0 	+0.00(+0.00%)
Dec 09, 2017 	3264 	3297 	3259 	3290 	0 	+0.00(+0.00%)
Dec 08, 2017 	3264 	3297 	3259 	3290 	0 	+17.94(+0.55%)
Dec 07, 2017 	3283 	3291 	3259 	3272 	0 	-21.91(-0.67%)
Dec 06, 2017 	3291 	3296 	3255 	3294 	0 	-9.72(-0.29%)
Dec 05, 2017 	3302 	3316 	3301 	3304 	0 	-5.94(-0.18%)
Dec 04, 2017 	3310 	3324 	3304 	3310 	0 	-8.00(-0.24%)
Dec 03, 2017 	3315 	3325 	3302 	3318 	0 	+0.00(+0.00%)
Dec 02, 2017 	3315 	3325 	3302 	3318 	0 	+0.00(+0.00%)
Dec 01, 2017 	3315 	3325 	3302 	3318 	0 	+0.43(+0.01%)
Nov 30, 2017 	3329 	3341 	3306 	3317 	0 	-20.67(-0.62%)
Nov 29, 2017 	3336 	3343 	3306 	3338 	0 	+4.20(+0.13%)
Nov 28, 2017 	3311 	3334 	3301 	3334 	0 	+11.43(+0.34%)
Nov 27, 2017 	3347 	3347 	3315 	3322 	0 	-31.59(-0.94%)
Nov 26, 2017 	3340 	3361 	3328 	3354 	0 	+0.00(+0.00%)
Nov 25, 2017 	3340 	3361 	3328 	3354 	0 	+0.00(+0.00%)
Nov 24, 2017 	3340 	3361 	3328 	3354 	0 	+1.90(+0.06%)
Nov 23, 2017 	3425 	3429 	3342 	3352 	0 	-78.54(-2.29%)
Nov 22, 2017 	3417 	3442 	3404 	3430 	0 	+19.96(+0.59%)
Nov 21, 2017 	3382 	3420 	3378 	3410 	0 	+18.10(+0.53%)
Nov 20, 2017 	3361 	3393 	3337 	3392 	0 	+9.49(+0.28%)
Nov 19, 2017 	3393 	3403 	3373 	3383 	0 	+0.00(+0.00%)
Nov 18, 2017 	3393 	3403 	3373 	3383 	0 	+0.00(+0.00%)
Nov 17, 2017 	3393 	3403 	3373 	3383 	0 	-16.34(-0.48%)
Nov 16, 2017 	3393 	3410 	3391 	3399 	0 	-3.27(-0.10%)
Nov 15, 2017 	3416 	3424 	3396 	3403 	0 	-27.03(-0.79%)
Nov 14, 2017 	3447 	3450 	3420 	3430 	0 	-18.29(-0.53%)
Nov 13, 2017 	3435 	3449 	3435 	3448 	0 	+15.17(+0.44%)
Nov 12, 2017 	3423 	3439 	3414 	3433 	0 	+0.00(+0.00%)
Nov 11, 2017 	3423 	3439 	3414 	3433 	0 	+0.00(+0.00%)
Nov 10, 2017 	3423 	3439 	3414 	3433 	0 	+4.88(+0.14%)
Nov 09, 2017 	3411 	3429 	3409 	3428 	0 	+12.33(+0.36%)
Nov 08, 2017 	3409 	3434 	3405 	3415 	0 	+1.89(+0.06%)
Nov 07, 2017 	3389 	3415 	3388 	3414 	0 	+25.40(+0.75%)
Nov 06, 2017 	3370 	3389 	3357 	3388 	0 	+16.43(+0.49%)
Nov 05, 2017 	3378 	3381 	3347 	3372 	0 	+0.00(+0.00%)
Nov 04, 2017 	3378 	3381 	3347 	3372 	0 	+0.00(+0.00%)
Nov 03, 2017 	3378 	3381 	3347 	3372 	0 	-11.57(-0.34%)
Nov 02, 2017 	3392 	3392 	3372 	3383 	0 	-12.60(-0.37%)
Nov 01, 2017 	3394 	3410 	3389 	3396 	0 	+2.57(+0.08%)
Oct 31, 2017 	3381 	3397 	3376 	3393 	0 	+3.00(+0.09%)
Oct 30, 2017 	3414 	3420 	3357 	3390 	0 	-26.47(-0.77%)
Oct 29, 2017 	3404 	3421 	3402 	3417 	0 	+0.00(+0.00%)
Oct 28, 2017 	3404 	3421 	3402 	3417 	0 	+0.00(+0.00%)
Oct 27, 2017 	3404 	3421 	3402 	3417 	0 	+9.24(+0.27%)
Oct 26, 2017 	3398 	3414 	3391 	3408 	0 	+10.67(+0.31%)
Oct 25, 2017 	3385 	3398 	3382 	3397 	0 	+8.65(+0.26%)
Oct 24, 2017 	3377 	3389 	3374 	3388 	0 	+7.55(+0.22%)
Oct 23, 2017 	3382 	3385 	3375 	3381 	0 	+2.05(+0.06%)
Oct 22, 2017 	3364 	3380 	3360 	3379 	0 	+0.00(+0.00%)
Oct 21, 2017 	3364 	3380 	3360 	3379 	0 	+0.00(+0.00%)
Oct 20, 2017 	3364 	3380 	3360 	3379 	0 	+8.48(+0.25%)
Oct 19, 2017 	3375 	3379 	3360 	3370 	0 	-11.62(-0.34%)
Oct 18, 2017 	3374 	3383 	3372 	3382 	0 	+9.75(+0.29%)
Oct 17, 2017 	3373 	3382 	3366 	3372 	0 	-6.43(-0.19%)
Oct 16, 2017 	3393 	3401 	3375 	3378 	0 	-12.05(-0.36%)
Oct 15, 2017 	3384 	3396 	3383 	3391 	0 	+0.00(+0.00%)
Oct 14, 2017 	3384 	3396 	3383 	3391 	0 	+0.00(+0.00%)
Oct 13, 2017 	3384 	3396 	3383 	3391 	0 	+4.42(+0.13%)
Oct 12, 2017 	3386 	3390 	3373 	3386 	0 	-2.18(-0.06%)
Oct 11, 2017 	3381 	3396 	3379 	3388 	0 	+5.29(+0.16%)
Oct 10, 2017 	3373 	3384 	3359 	3383 	0 	+8.61(+0.26%)
Oct 09, 2017 	3403 	3410 	3367 	3374 	0 	+25.44(+0.76%)
Oct 07, 2017 	3340 	3357 	3340 	3349 	0 	+0.00(+0.00%)
Oct 06, 2017 	3340 	3357 	3340 	3349 	0 	+0.00(+0.00%)
Oct 05, 2017 	3340 	3357 	3340 	3349 	0 	+0.00(+0.00%)
Oct 04, 2017 	3340 	3357 	3340 	3349 	0 	+0.00(+0.00%)
Oct 03, 2017 	3340 	3357 	3340 	3349 	0 	+0.00(+0.00%)
Oct 02, 2017 	3340 	3357 	3340 	3349 	0 	+0.00(+0.00%)
Oct 01, 2017 	3340 	3357 	3340 	3349 	0 	+0.00(+0.00%)
Sep 30, 2017 	3340 	3357 	3340 	3349 	0 	+0.00(+0.00%)
Sep 29, 2017 	3340 	3357 	3340 	3349 	0 	+9.30(+0.28%)
Sep 28, 2017 	3344 	3345 	3336 	3340 	0 	-5.63(-0.17%)
Sep 27, 2017 	3341 	3350 	3340 	3345 	0 	+1.69(+0.05%)
Sep 26, 2017 	3336 	3347 	3333 	3344 	0 	+2.03(+0.06%)
Sep 25, 2017 	3345 	3351 	3335 	3342 	0 	-10.98(-0.33%)
Sep 24, 2017 	3347 	3356 	3335 	3353 	0 	+0.00(+0.00%)
Sep 23, 2017 	3347 	3356 	3335 	3353 	0 	+0.00(+0.00%)
Sep 22, 2017 	3347 	3356 	3335 	3353 	0 	-5.28(-0.16%)
Sep 21, 2017 	3365 	3378 	3357 	3358 	0 	-8.19(-0.24%)
Sep 20, 2017 	3352 	3370 	3347 	3366 	0 	+9.16(+0.27%)
Sep 19, 2017 	3366 	3370 	3345 	3357 	0 	-6.02(-0.18%)
Sep 18, 2017 	3353 	3372 	3353 	3363 	0 	+9.24(+0.28%)
Sep 17, 2017 	3365 	3366 	3345 	3354 	0 	+0.00(+0.00%)
Sep 16, 2017 	3365 	3366 	3345 	3354 	0 	+0.00(+0.00%)
Sep 15, 2017 	3365 	3366 	3345 	3354 	0 	-17.81(-0.53%)
Sep 14, 2017 	3383 	3392 	3361 	3371 	0 	-12.72(-0.38%)
Sep 13, 2017 	3375 	3387 	3367 	3384 	0 	+4.66(+0.14%)
Sep 12, 2017 	3381 	3391 	3371 	3379 	0 	+3.07(+0.09%)
Sep 11, 2017 	3365 	3385 	3360 	3376 	0 	+11.18(+0.33%)
Sep 10, 2017 	3364 	3381 	3354 	3365 	0 	+0.00(+0.00%)
Sep 09, 2017 	3364 	3381 	3354 	3365 	0 	+0.00(+0.00%)
Sep 08, 2017 	3364 	3381 	3354 	3365 	0 	-0.26(-0.01%)
Sep 07, 2017 	3384 	3388 	3363 	3366 	0 	-19.89(-0.59%)
Sep 06, 2017 	3372 	3391 	3365 	3385 	0 	+1.07(+0.03%)
Sep 05, 2017 	3377 	3391 	3372 	3384 	0 	+4.74(+0.14%)
Sep 04, 2017 	3370 	3381 	3359 	3380 	0 	+12.46(+0.37%)
Sep 03, 2017 	3366 	3382 	3358 	3367 	0 	+0.00(+0.00%)
Sep 02, 2017 	3366 	3382 	3358 	3367 	0 	+0.00(+0.00%)
Sep 01, 2017 	3366 	3382 	3358 	3367 	0 	+6.31(+0.19%)
Aug 31, 2017 	3361 	3367 	3341 	3361 	0 	-2.82(-0.08%)
Aug 30, 2017 	3362 	3377 	3357 	3364 	0 	-1.60(-0.05%)
Aug 29, 2017 	3362 	3375 	3354 	3365 	0 	+2.58(+0.08%)
Aug 28, 2017 	3336 	3375 	3336 	3363 	0 	+31.13(+0.93%)
Aug 27, 2017 	3271 	3332 	3271 	3332 	0 	+0.00(+0.00%)
Aug 26, 2017 	3271 	3332 	3271 	3332 	0 	+0.00(+0.00%)
Aug 25, 2017 	3271 	3332 	3271 	3332 	0 	+60.01(+1.83%)
Aug 24, 2017 	3288 	3298 	3266 	3272 	0 	-16.19(-0.49%)
Aug 23, 2017 	3284 	3299 	3274 	3288 	0 	-2.53(-0.08%)
Aug 22, 2017 	3288 	3293 	3275 	3290 	0 	+3.32(+0.10%)
Aug 21, 2017 	3275 	3288 	3270 	3287 	0 	+18.19(+0.56%)
Aug 20, 2017 	3253 	3275 	3248 	3269 	0 	+0.00(+0.00%)
Aug 19, 2017 	3253 	3275 	3248 	3269 	0 	+0.00(+0.00%)
Aug 18, 2017 	3253 	3275 	3248 	3269 	0 	+0.29(+0.01%)
Aug 17, 2017 	3254 	3269 	3251 	3268 	0 	+21.98(+0.68%)
Aug 16, 2017 	3248 	3249 	3229 	3246 	0 	-4.81(-0.15%)
Aug 15, 2017 	3235 	3264 	3235 	3251 	0 	+13.90(+0.43%)
Aug 14, 2017 	3206 	3240 	3206 	3237 	0 	+28.82(+0.90%)
Aug 13, 2017 	3238 	3245 	3201 	3209 	0 	+0.00(+0.00%)
Aug 12, 2017 	3238 	3245 	3201 	3209 	0 	+0.00(+0.00%)
Aug 11, 2017 	3238 	3245 	3201 	3209 	0 	-53.21(-1.63%)
Aug 10, 2017 	3270 	3283 	3236 	3262 	0 	-13.82(-0.42%)
Aug 09, 2017 	3278 	3278 	3264 	3276 	0 	-6.30(-0.19%)
Aug 08, 2017 	3277 	3285 	3270 	3282 	0 	+2.41(+0.07%)
Aug 07, 2017 	3258 	3280 	3244 	3279 	0 	+17.38(+0.53%)
Aug 06, 2017 	3269 	3287 	3261 	3262 	0 	+0.00(+0.00%)
Aug 05, 2017 	3269 	3287 	3261 	3262 	0 	+0.00(+0.00%)
Aug 04, 2017 	3269 	3287 	3261 	3262 	0 	-10.85(-0.33%)
Aug 03, 2017 	3280 	3293 	3262 	3273 	0 	-12.13(-0.37%)
Aug 02, 2017 	3289 	3305 	3282 	3285 	0 	-7.58(-0.23%)
Aug 01, 2017 	3274 	3293 	3274 	3293 	0 	+19.61(+0.60%)
Jul 31, 2017 	3253 	3277 	3251 	3273 	0 	+19.79(+0.61%)
Jul 30, 2017 	3240 	3256 	3233 	3253 	0 	+0.00(+0.00%)
Jul 29, 2017 	3240 	3256 	3233 	3253 	0 	+0.00(+0.00%)
Jul 28, 2017 	3240 	3256 	3233 	3253 	0 	+3.46(+0.11%)
Jul 27, 2017 	3244 	3252 	3221 	3250 	0 	+2.11(+0.06%)
Jul 26, 2017 	3244 	3265 	3228 	3248 	0 	+3.98(+0.12%)
Jul 25, 2017 	3249 	3262 	3233 	3244 	0 	-6.91(-0.21%)
Jul 24, 2017 	3231 	3261 	3230 	3251 	0 	+12.62(+0.39%)
Jul 23, 2017 	3237 	3248 	3232 	3238 	0 	+0.00(+0.00%)
Jul 22, 2017 	3237 	3248 	3232 	3238 	0 	+0.00(+0.00%)
Jul 21, 2017 	3237 	3248 	3232 	3238 	0 	-6.88(-0.21%)
Jul 20, 2017 	3228 	3246 	3225 	3245 	0 	+13.88(+0.43%)
Jul 19, 2017 	3181 	3233 	3180 	3231 	0 	+43.41(+1.36%)
Jul 18, 2017 	3160 	3188 	3150 	3188 	0 	+11.11(+0.35%)
Jul 17, 2017 	3220 	3230 	3140 	3176 	0 	-45.96(-1.43%)
Jul 16, 2017 	3212 	3223 	3205 	3222 	0 	+0.00(+0.00%)
Jul 15, 2017 	3212 	3223 	3205 	3222 	0 	+0.00(+0.00%)
Jul 14, 2017 	3212 	3223 	3205 	3222 	0 	+4.26(+0.13%)
Jul 13, 2017 	3192 	3219 	3190 	3218 	0 	+20.62(+0.64%)
Jul 12, 2017 	3202 	3215 	3178 	3198 	0 	-5.50(-0.17%)
Jul 11, 2017 	3202 	3227 	3199 	3203 	0 	-9.59(-0.30%)
Jul 10, 2017 	3208 	3223 	3203 	3213 	0 	-5.33(-0.17%)
Jul 09, 2017 	3204 	3220 	3195 	3218 	0 	+0.00(+0.00%)
Jul 08, 2017 	3204 	3220 	3195 	3218 	0 	+0.00(+0.00%)
Jul 07, 2017 	3204 	3220 	3195 	3218 	0 	+5.52(+0.17%)
Jul 06, 2017 	3204 	3216 	3189 	3212 	0 	+5.31(+0.17%)
Jul 05, 2017 	3179 	3207 	3175 	3207 	0 	+24.33(+0.76%)
Jul 04, 2017 	3193 	3193 	3174 	3183 	0 	-13.11(-0.41%)
Jul 03, 2017 	3192 	3196 	3177 	3196 	0 	+3.48(+0.11%)
Jun 30, 2017 	3177 	3193 	3172 	3192 	0 	+4.37(+0.14%)
Jun 29, 2017 	3175 	3189 	3174 	3188 	0 	+14.86(+0.47%)
Jun 28, 2017 	3184 	3193 	3171 	3173 	0 	-18.00(-0.56%)
Jun 27, 2017 	3183 	3193 	3172 	3191 	0 	+5.76(+0.18%)
Jun 26, 2017 	3157 	3188 	3157 	3185 	0 	+27.57(+0.87%)
Jun 25, 2017 	3138 	3158 	3118 	3158 	0 	+0.00(+0.00%)
Jun 24, 2017 	3138 	3158 	3118 	3158 	0 	+0.00(+0.00%)
Jun 23, 2017 	3138 	3158 	3118 	3158 	0 	+10.42(+0.33%)
Jun 22, 2017 	3152 	3187 	3147 	3147 	0 	-8.76(-0.28%)
Jun 21, 2017 	3149 	3157 	3133 	3156 	0 	+16.20(+0.52%)
Jun 20, 2017 	3148 	3150 	3135 	3140 	0 	-4.36(-0.14%)
Jun 19, 2017 	3122 	3147 	3122 	3144 	0 	+21.20(+0.68%)
Jun 18, 2017 	3126 	3134 	3118 	3123 	0 	+0.00(+0.00%)
Jun 17, 2017 	3126 	3134 	3118 	3123 	0 	+0.00(+0.00%)
Jun 16, 2017 	3126 	3134 	3118 	3123 	0 	-9.32(-0.30%)
Jun 15, 2017 	3126 	3138 	3117 	3132 	0 	+1.82(+0.06%)
Jun 14, 2017 	3147 	3149 	3125 	3131 	0 	-23.07(-0.73%)
Jun 13, 2017 	3134 	3156 	3131 	3154 	0 	+13.86(+0.44%)
Jun 12, 2017 	3150 	3165 	3135 	3140 	0 	-18.52(-0.59%)
Jun 11, 2017 	3147 	3166 	3146 	3158 	0 	+0.00(+0.00%)
Jun 10, 2017 	3147 	3166 	3146 	3158 	0 	+0.00(+0.00%)
Jun 09, 2017 	3147 	3166 	3146 	3158 	0 	+8.07(+0.26%)
Jun 08, 2017 	3136 	3153 	3133 	3150 	0 	+10.01(+0.32%)
Jun 07, 2017 	3102 	3141 	3099 	3140 	0 	+38.19(+1.23%)
Jun 06, 2017 	3085 	3103 	3079 	3102 	0 	+10.47(+0.34%)
Jun 05, 2017 	3102 	3106 	3085 	3092 	0 	-13.88(-0.45%)
Jun 04, 2017 	3094 	3110 	3082 	3106 	0 	+0.00(+0.00%)
Jun 03, 2017 	3094 	3110 	3082 	3106 	0 	+0.00(+0.00%)
Jun 02, 2017 	3094 	3110 	3082 	3106 	0 	+2.92(+0.09%)
Jun 01, 2017 	3108 	3114 	3098 	3103 	0 	-14.56(-0.47%)
May 31, 2017 	3125 	3143 	3112 	3117 	0 	+7.12(+0.23%)
May 30, 2017 	3101 	3121 	3100 	3110 	0 	+0.00(+0.00%)
May 29, 2017 	3101 	3121 	3100 	3110 	0 	+0.00(+0.00%)
May 28, 2017 	3101 	3121 	3100 	3110 	0 	+0.00(+0.00%)
May 27, 2017 	3101 	3121 	3100 	3110 	0 	+0.00(+0.00%)
May 26, 2017 	3101 	3121 	3100 	3110 	0 	+2.23(+0.07%)
May 25, 2017 	3055 	3115 	3053 	3108 	0 	+43.75(+1.43%)
May 24, 2017 	3048 	3065 	3022 	3064 	0 	+2.13(+0.07%)
May 23, 2017 	3069 	3084 	3051 	3062 	0 	-13.73(-0.45%)
May 22, 2017 	3087 	3104 	3063 	3076 	0 	-14.95(-0.48%)
May 21, 2017 	3087 	3095 	3081 	3091 	0 	+0.00(+0.00%)
May 20, 2017 	3087 	3095 	3081 	3091 	0 	+0.00(+0.00%)
May 19, 2017 	3087 	3095 	3081 	3091 	0 	+0.49(+0.02%)
May 18, 2017 	3082 	3103 	3078 	3090 	0 	-14.30(-0.46%)
May 17, 2017 	3108 	3120 	3101 	3104 	0 	-8.52(-0.27%)
May 16, 2017 	3083 	3114 	3061 	3113 	0 	+22.73(+0.74%)
May 15, 2017 	3086 	3099 	3086 	3090 	0 	+6.72(+0.22%)
May 14, 2017 	3054 	3090 	3052 	3084 	0 	+0.00(+0.00%)
May 13, 2017 	3054 	3090 	3052 	3084 	0 	+0.00(+0.00%)
May 12, 2017 	3054 	3090 	3052 	3084 	0 	+22.01(+0.72%)
May 11, 2017 	3037 	3064 	3017 	3062 	0 	+8.72(+0.29%)
May 10, 2017 	3078 	3091 	3052 	3053 	0 	-27.75(-0.90%)
May 09, 2017 	3065 	3084 	3057 	3081 	0 	+1.92(+0.06%)
May 08, 2017 	3090 	3093 	3068 	3079 	0 	-24.43(-0.79%)
May 07, 2017 	3115 	3118 	3092 	3103 	0 	+0.00(+0.00%)
May 06, 2017 	3115 	3118 	3092 	3103 	0 	+0.00(+0.00%)
May 05, 2017 	3115 	3118 	3092 	3103 	0 	-24.33(-0.78%)
May 04, 2017 	3127 	3144 	3111 	3127 	0 	-7.98(-0.25%)
May 03, 2017 	3138 	3148 	3124 	3135 	0 	-8.36(-0.27%)
May 02, 2017 	3147 	3155 	3137 	3144 	0 	-10.95(-0.35%)
May 01, 2017 	3144 	3155 	3137 	3155 	0 	+0.00(+0.00%)
Apr 30, 2017 	3144 	3155 	3137 	3155 	0 	+0.00(+0.00%)
Apr 29, 2017 	3144 	3155 	3137 	3155 	0 	+0.00(+0.00%)
Apr 28, 2017 	3144 	3155 	3137 	3155 	0 	+2.47(+0.08%)
Apr 27, 2017 	3131 	3155 	3097 	3152 	0 	+11.34(+0.36%)
Apr 26, 2017 	3133 	3153 	3131 	3141 	0 	+6.28(+0.20%)
Apr 25, 2017 	3124 	3145 	3117 	3135 	0 	+5.04(+0.16%)
Apr 24, 2017 	3164 	3164 	3111 	3130 	0 	-43.62(-1.37%)
Apr 23, 2017 	3170 	3181 	3159 	3173 	0 	+0.00(+0.00%)
Apr 22, 2017 	3170 	3181 	3159 	3173 	0 	+0.00(+0.00%)
Apr 21, 2017 	3170 	3181 	3159 	3173 	0 	+1.05(+0.03%)
Apr 20, 2017 	3166 	3178 	3148 	3172 	0 	+1.41(+0.04%)
Apr 19, 2017 	3185 	3189 	3147 	3171 	0 	-26.02(-0.81%)
Apr 18, 2017 	3215 	3225 	3196 	3197 	0 	-25.46(-0.79%)
Apr 17, 2017 	3230 	3230 	3200 	3222 	0 	-23.90(-0.74%)
Apr 16, 2017 	3276 	3277 	3239 	3246 	0 	+0.00(+0.00%)
Apr 15, 2017 	3276 	3277 	3239 	3246 	0 	+0.00(+0.00%)
Apr 14, 2017 	3276 	3277 	3239 	3246 	0 	-29.89(-0.91%)
Apr 13, 2017 	3265 	3281 	3261 	3276 	0 	+2.13(+0.07%)
Apr 12, 2017 	3284 	3285 	3262 	3274 	0 	-15.14(-0.46%)
Apr 11, 2017 	3266 	3290 	3244 	3289 	0 	+19.58(+0.60%)
Apr 10, 2017 	3285 	3285 	3265 	3269 	0 	-17.23(-0.52%)
Apr 09, 2017 	3281 	3295 	3275 	3287 	0 	+0.00(+0.00%)
Apr 08, 2017 	3281 	3295 	3275 	3287 	0 	+0.00(+0.00%)
Apr 07, 2017 	3281 	3295 	3275 	3287 	0 	+5.62(+0.17%)
Apr 06, 2017 	3272 	3287 	3266 	3281 	0 	+10.69(+0.33%)
Apr 05, 2017 	3236 	3271 	3233 	3270 	0 	+47.80(+1.48%)
Apr 04, 2017 	3206 	3226 	3206 	3223 	0 	+0.00(+0.00%)
Apr 03, 2017 	3206 	3226 	3206 	3223 	0 	+0.00(+0.00%)
Apr 02, 2017 	3206 	3226 	3206 	3223 	0 	+0.00(+0.00%)
Apr 01, 2017 	3206 	3226 	3206 	3223 	0 	+0.00(+0.00%)
Mar 31, 2017 	3206 	3226 	3206 	3223 	0 	+12.27(+0.38%)
Mar 30, 2017 	3235 	3240 	3196 	3210 	0 	-31.07(-0.96%)
Mar 29, 2017 	3253 	3262 	3233 	3241 	0 	-11.64(-0.36%)
Mar 28, 2017 	3266 	3266 	3246 	3253 	0 	-14.01(-0.43%)
Mar 27, 2017 	3269 	3283 	3262 	3267 	0 	-2.49(-0.08%)
Mar 26, 2017 	3247 	3275 	3241 	3269 	0 	+0.00(+0.00%)
Mar 25, 2017 	3247 	3275 	3241 	3269 	0 	+0.00(+0.00%)
Mar 24, 2017 	3247 	3275 	3241 	3269 	0 	+20.90(+0.64%)
Mar 23, 2017 	3246 	3262 	3222 	3249 	0 	+3.33(+0.10%)
Mar 22, 2017 	3246 	3256 	3229 	3245 	0 	-16.39(-0.50%)
Mar 21, 2017 	3250 	3262 	3247 	3262 	0 	+10.80(+0.33%)
Mar 20, 2017 	3241 	3251 	3228 	3251 	0 	+13.36(+0.41%)
Mar 19, 2017 	3272 	3274 	3232 	3237 	0 	+0.00(+0.00%)
Mar 18, 2017 	3272 	3274 	3232 	3237 	0 	+0.00(+0.00%)
Mar 17, 2017 	3272 	3274 	3232 	3237 	0 	-31.49(-0.96%)
Mar 16, 2017 	3247 	3270 	3247 	3269 	0 	+27.18(+0.84%)
Mar 15, 2017 	3235 	3244 	3228 	3242 	0 	+2.43(+0.08%)
Mar 14, 2017 	3235 	3246 	3232 	3239 	0 	+2.31(+0.07%)
Mar 13, 2017 	3209 	3237 	3193 	3237 	0 	+24.26(+0.76%)
Mar 12, 2017 	3214 	3222 	3208 	3213 	0 	+0.00(+0.00%)
Mar 11, 2017 	3214 	3222 	3208 	3213 	0 	+0.00(+0.00%)
Mar 10, 2017 	3214 	3222 	3208 	3213 	0 	-3.99(-0.12%)
Mar 09, 2017 	3234 	3234 	3205 	3217 	0 	-23.91(-0.74%)
Mar 08, 2017 	3241 	3245 	3231 	3241 	0 	-1.75(-0.05%)
Mar 07, 2017 	3233 	3243 	3227 	3242 	0 	+8.54(+0.26%)
Mar 06, 2017 	3217 	3235 	3215 	3234 	0 	+15.56(+0.48%)
Mar 05, 2017 	3219 	3221 	3207 	3218 	0 	+0.00(+0.00%)
Mar 04, 2017 	3219 	3221 	3207 	3218 	0 	+0.00(+0.00%)
Mar 03, 2017 	3219 	3221 	3207 	3218 	0 	-11.72(-0.36%)
Mar 02, 2017 	3251 	3257 	3229 	3230 	0 	-16.90(-0.52%)
Feb 28, 2017 	3226 	3243 	3226 	3242 	0 	+13.07(+0.40%)
Feb 27, 2017 	3249 	3252 	3224 	3229 	0 	-24.77(-0.76%)
Feb 26, 2017 	3247 	3254 	3234 	3253 	0 	+0.00(+0.00%)
Feb 25, 2017 	3247 	3254 	3234 	3253 	0 	+0.00(+0.00%)
Feb 24, 2017 	3247 	3254 	3234 	3253 	0 	+2.05(+0.06%)
Feb 23, 2017 	3259 	3264 	3236 	3251 	0 	-9.84(-0.30%)
Feb 22, 2017 	3253 	3261 	3244 	3261 	0 	+7.89(+0.24%)
Feb 21, 2017 	3242 	3254 	3240 	3253 	0 	+13.37(+0.41%)
Feb 20, 2017 	3199 	3241 	3199 	3240 	0 	+37.88(+1.18%)
Feb 19, 2017 	3228 	3238 	3199 	3202 	0 	+0.00(+0.00%)
Feb 18, 2017 	3228 	3238 	3199 	3202 	0 	+0.00(+0.00%)
Feb 17, 2017 	3228 	3238 	3199 	3202 	0 	-27.54(-0.85%)
Feb 16, 2017 	3210 	3230 	3208 	3230 	0 	+16.63(+0.52%)
Feb 15, 2017 	3215 	3236 	3207 	3213 	0 	-4.94(-0.15%)
Feb 14, 2017 	3216 	3219 	3205 	3218 	0 	+1.09(+0.03%)
Feb 13, 2017 	3199 	3219 	3199 	3217 	0 	+20.14(+0.63%)
Feb 12, 2017 	3183 	3205 	3183 	3197 	0 	+0.00(+0.00%)
Feb 11, 2017 	3183 	3205 	3183 	3197 	0 	+0.00(+0.00%)
Feb 10, 2017 	3183 	3205 	3183 	3197 	0 	+13.52(+0.42%)
Feb 09, 2017 	3165 	3187 	3163 	3183 	0 	+16.20(+0.51%)
Feb 08, 2017 	3148 	3167 	3132 	3167 	0 	+13.89(+0.44%)
Feb 07, 2017 	3154 	3160 	3140 	3153 	0 	-3.89(-0.12%)
Feb 06, 2017 	3143 	3159 	3135 	3157 	0 	+16.81(+0.54%)
Feb 05, 2017 	3160 	3163 	3136 	3140 	0 	+0.00(+0.00%)
Feb 04, 2017 	3160 	3163 	3136 	3140 	0 	+0.00(+0.00%)
Feb 03, 2017 	3160 	3163 	3136 	3140 	0 	-19.00(-0.60%)
Feb 02, 2017 	3149 	3163 	3149 	3159 	0 	+0.00(+0.00%)
Feb 01, 2017 	3149 	3163 	3149 	3159 	0 	+0.00(+0.00%)
Jan 31, 2017 	3149 	3163 	3149 	3159 	0 	+0.00(+0.00%)
Jan 30, 2017 	3149 	3163 	3149 	3159 	0 	+0.00(+0.00%)
Jan 29, 2017 	3149 	3163 	3149 	3159 	0 	+0.00(+0.00%)
Jan 28, 2017 	3149 	3163 	3149 	3159 	0 	+0.00(+0.00%)
Jan 27, 2017 	3149 	3163 	3149 	3159 	0 	+0.00(+0.00%)
Jan 26, 2017 	3149 	3163 	3149 	3159 	0 	+9.62(+0.31%)
Jan 25, 2017 	3138 	3151 	3133 	3150 	0 	+7.00(+0.22%)
Jan 24, 2017 	3135 	3150 	3131 	3143 	0 	+5.78(+0.18%)
Jan 23, 2017 	3125 	3146 	3125 	3137 	0 	+13.63(+0.44%)
Jan 22, 2017 	3096 	3126 	3095 	3123 	0 	+0.00(+0.00%)
Jan 21, 2017 	3096 	3126 	3095 	3123 	0 	+0.00(+0.00%)
Jan 20, 2017 	3096 	3126 	3095 	3123 	0 	+21.84(+0.70%)
Jan 19, 2017 	3105 	3116 	3094 	3101 	0 	-11.71(-0.38%)
Jan 18, 2017 	3105 	3124 	3099 	3113 	0 	+4.24(+0.14%)
Jan 17, 2017 	3087 	3109 	3072 	3109 	0 	+5.34(+0.17%)
Jan 16, 2017 	3104 	3105 	3044 	3103 	0 	-9.33(-0.30%)
Jan 15, 2017 	3116 	3131 	3102 	3113 	0 	+0.00(+0.00%)
Jan 14, 2017 	3116 	3131 	3102 	3113 	0 	+0.00(+0.00%)
Jan 13, 2017 	3116 	3131 	3102 	3113 	0 	-6.53(-0.21%)
Jan 12, 2017 	3134 	3145 	3116 	3119 	0 	-17.46(-0.56%)
Jan 11, 2017 	3157 	3167 	3136 	3137 	0 	-24.92(-0.79%)
Jan 10, 2017 	3168 	3175 	3157 	3162 	0 	-9.57(-0.30%)
Jan 09, 2017 	3149 	3173 	3148 	3171 	0 	+16.92(+0.54%)
Jan 08, 2017 	3164 	3172 	3153 	3154 	0 	+0.00(+0.00%)
Jan 07, 2017 	3164 	3172 	3153 	3154 	0 	+0.00(+0.00%)
Jan 06, 2017 	3164 	3172 	3153 	3154 	0 	-11.09(-0.35%)
Jan 05, 2017 	3158 	3168 	3154 	3165 	0 	+6.62(+0.21%)
Jan 04, 2017 	3134 	3160 	3130 	3159 	0 	+22.87(+0.73%)
Jan 03, 2017 	3105 	3136 	3105 	3136 	0 	+32.28(+1.04%)
Jan 02, 2017 	3097 	3109 	3090 	3104 	0 	+0.00(+0.00%)
Jan 01, 2017 	3097 	3109 	3090 	3104 	0 	+0.00(+0.00%)
Dec 31, 2016 	3097 	3109 	3090 	3104 	0 	+0.00(+0.00%)
Dec 30, 2016 	3097 	3109 	3090 	3104 	0 	+7.54(+0.24%)
Dec 29, 2016 	3096 	3112 	3087 	3096 	0 	-6.14(-0.20%)
Dec 28, 2016 	3114 	3119 	3095 	3102 	0 	-12.42(-0.40%)
Dec 27, 2016 	3117 	3128 	3114 	3115 	0 	-7.91(-0.25%)
Dec 26, 2016 	3096 	3123 	3068 	3123 	0 	+12.42(+0.40%)
Dec 25, 2016 	3135 	3138 	3104 	3110 	0 	+0.00(+0.00%)
Dec 24, 2016 	3135 	3138 	3104 	3110 	0 	+0.00(+0.00%)
Dec 23, 2016 	3135 	3138 	3104 	3110 	0 	-29.41(-0.94%)
Dec 22, 2016 	3132 	3143 	3127 	3140 	0 	+2.13(+0.07%)
Dec 21, 2016 	3107 	3140 	3107 	3137 	0 	+34.55(+1.11%)
Dec 20, 2016 	3116 	3117 	3085 	3103 	0 	-15.20(-0.49%)
Dec 19, 2016 	3121 	3125 	3110 	3118 	0 	-4.90(-0.16%)
Dec 18, 2016 	3112 	3129 	3106 	3123 	0 	+0.00(+0.00%)
Dec 17, 2016 	3112 	3129 	3106 	3123 	0 	+0.00(+0.00%)
Dec 16, 2016 	3112 	3129 	3106 	3123 	0 	+5.30(+0.17%)
Dec 15, 2016 	3126 	3139 	3101 	3118 	0 	-22.85(-0.73%)
Dec 14, 2016 	3149 	3170 	3136 	3141 	0 	-14.51(-0.46%)
Dec 13, 2016 	3139 	3162 	3119 	3155 	0 	+2.07(+0.07%)
Dec 12, 2016 	3234 	3245 	3150 	3153 	0 	-79.91(-2.47%)
Dec 11, 2016 	3209 	3245 	3207 	3233 	0 	+0.00(+0.00%)
Dec 10, 2016 	3209 	3245 	3207 	3233 	0 	+0.00(+0.00%)
Dec 09, 2016 	3209 	3245 	3207 	3233 	0 	+17.51(+0.54%)
Dec 08, 2016 	3226 	3228 	3211 	3215 	0 	-6.87(-0.21%)
Dec 07, 2016 	3198 	3222 	3189 	3222 	0 	+22.59(+0.71%)
Dec 06, 2016 	3202 	3215 	3197 	3200 	0 	-5.06(-0.16%)
Dec 05, 2016 	3204 	3220 	3195 	3205 	0 	-39.13(-1.21%)
Dec 04, 2016 	3270 	3280 	3235 	3244 	0 	+0.00(+0.00%)
Dec 03, 2016 	3270 	3280 	3235 	3244 	0 	+0.00(+0.00%)
Dec 02, 2016 	3270 	3280 	3235 	3244 	0 	-29.47(-0.90%)
Dec 01, 2016 	3257 	3280 	3256 	3273 	0 	+23.28(+0.72%)
Nov 30, 2016 	3272 	3277 	3240 	3250 	0 	-32.89(-1.00%)
Nov 29, 2016 	3269 	3301 	3263 	3283 	0 	+5.92(+0.18%)
Nov 28, 2016 	3270 	3288 	3268 	3277 	0 	+15.06(+0.46%)
Nov 27, 2016 	3241 	3262 	3210 	3262 	0 	+0.00(+0.00%)
Nov 26, 2016 	3241 	3262 	3210 	3262 	0 	+0.00(+0.00%)
Nov 25, 2016 	3241 	3262 	3210 	3262 	0 	+20.20(+0.62%)
Nov 24, 2016 	3237 	3258 	3233 	3242 	0 	+0.60(+0.02%)
Nov 23, 2016 	3248 	3263 	3232 	3241 	0 	-7.21(-0.22%)
Nov 22, 2016 	3221 	3250 	3221 	3248 	0 	+30.20(+0.94%)
Nov 21, 2016 	3188 	3230 	3188 	3218 	0 	+25.29(+0.79%)
Nov 20, 2016 	3207 	3212 	3188 	3193 	0 	+0.00(+0.00%)
Nov 19, 2016 	3207 	3212 	3188 	3193 	0 	+0.00(+0.00%)
Nov 18, 2016 	3207 	3212 	3188 	3193 	0 	-15.59(-0.49%)
Nov 17, 2016 	3198 	3211 	3187 	3208 	0 	+3.39(+0.11%)
Nov 16, 2016 	3208 	3211 	3195 	3205 	0 	-1.93(-0.06%)
Nov 15, 2016 	3210 	3214 	3195 	3207 	0 	-3.38(-0.11%)
Nov 14, 2016 	3188 	3221 	3187 	3210 	0 	+14.33(+0.45%)
Nov 13, 2016 	3169 	3203 	3166 	3196 	0 	+0.00(+0.00%)
Nov 12, 2016 	3169 	3203 	3166 	3196 	0 	+0.00(+0.00%)
Nov 11, 2016 	3169 	3203 	3166 	3196 	0 	+24.76(+0.78%)
Nov 10, 2016 	3149 	3172 	3149 	3171 	0 	+42.91(+1.37%)
Nov 09, 2016 	3146 	3147 	3097 	3128 	0 	-19.52(-0.62%)
Nov 08, 2016 	3141 	3157 	3135 	3148 	0 	+14.56(+0.46%)
Nov 07, 2016 	3125 	3139 	3117 	3133 	0 	+8.01(+0.26%)
Nov 06, 2016 	3126 	3141 	3120 	3125 	0 	+0.00(+0.00%)
Nov 05, 2016 	3126 	3141 	3120 	3125 	0 	+0.00(+0.00%)
Nov 04, 2016 	3126 	3141 	3120 	3125 	0 	-3.62(-0.12%)
Nov 03, 2016 	3097 	3141 	3094 	3129 	0 	+26.21(+0.84%)
Nov 02, 2016 	3116 	3119 	3100 	3103 	0 	-19.71(-0.63%)
Nov 01, 2016 	3102 	3123 	3097 	3122 	0 	+21.95(+0.71%)
Oct 31, 2016 	3097 	3102 	3081 	3100 	0 	-3.78(-0.12%)
Oct 30, 2016 	3112 	3129 	3101 	3104 	0 	+0.00(+0.00%)
Oct 29, 2016 	3112 	3129 	3101 	3104 	0 	+0.00(+0.00%)
Oct 28, 2016 	3112 	3129 	3101 	3104 	0 	-8.08(-0.26%)
Oct 27, 2016 	3113 	3115 	3100 	3112 	0 	-3.96(-0.13%)
Oct 26, 2016 	3130 	3130 	3110 	3116 	0 	-15.63(-0.50%)
Oct 25, 2016 	3128 	3132 	3121 	3132 	0 	+3.69(+0.12%)
Oct 24, 2016 	3092 	3137 	3091 	3128 	0 	+37.31(+1.21%)
Oct 23, 2016 	3081 	3102 	3069 	3091 	0 	+0.00(+0.00%)
Oct 22, 2016 	3081 	3102 	3069 	3091 	0 	+0.00(+0.00%)
Oct 21, 2016 	3081 	3102 	3069 	3091 	0 	+6.48(+0.21%)
Oct 20, 2016 	3085 	3090 	3076 	3084 	0 	-0.26(-0.01%)
Oct 19, 2016 	3086 	3096 	3077 	3085 	0 	+0.84(+0.03%)
Oct 18, 2016 	3037 	3084 	3037 	3084 	0 	+42.71(+1.40%)
Oct 17, 2016 	3065 	3069 	3034 	3041 	0 	-22.64(-0.74%)
Oct 16, 2016 	3057 	3065 	3043 	3064 	0 	+0.00(+0.00%)
Oct 15, 2016 	3057 	3065 	3043 	3064 	0 	+0.00(+0.00%)
Oct 14, 2016 	3057 	3065 	3043 	3064 	0 	+2.46(+0.08%)
Oct 13, 2016 	3058 	3065 	3053 	3061 	0 	+2.85(+0.09%)
Oct 12, 2016 	3057 	3061 	3049 	3058 	0 	-6.75(-0.22%)
Oct 11, 2016 	3052 	3066 	3048 	3065 	0 	+17.11(+0.56%)
Oct 10, 2016 	3020 	3048 	3015 	3048 	0 	+0.00(+0.00%)
Oct 07, 2016 	2994 	3009 	2993 	3005 	0 	+0.00(+0.00%)
Oct 06, 2016 	2994 	3009 	2993 	3005 	0 	+0.00(+0.00%)
Oct 05, 2016 	2994 	3009 	2993 	3005 	0 	+0.00(+0.00%)
Oct 04, 2016 	2994 	3009 	2993 	3005 	0 	+0.00(+0.00%)
Oct 03, 2016 	2994 	3009 	2993 	3005 	0 	+0.00(+0.00%)
Sep 30, 2016 	2994 	3009 	2993 	3005 	0 	+6.22(+0.21%)
Sep 29, 2016 	2992 	3009 	2992 	2998 	0 	+10.62(+0.36%)
Sep 28, 2016 	3001 	3001 	2984 	2988 	0 	-10.31(-0.34%)
Sep 27, 2016 	2975 	2998 	2969 	2998 	0 	+17.74(+0.60%)
Sep 26, 2016 	3028 	3028 	2980 	2980 	0 	-53.47(-1.76%)
Sep 25, 2016 	3045 	3047 	3033 	3034 	0 	+0.00(+0.00%)
Sep 24, 2016 	3045 	3047 	3033 	3034 	0 	+0.00(+0.00%)
Sep 23, 2016 	3045 	3047 	3033 	3034 	0 	-8.41(-0.28%)
Sep 22, 2016 	3038 	3054 	3035 	3042 	0 	+16.44(+0.54%)
Sep 21, 2016 	3022 	3032 	3018 	3026 	0 	+2.87(+0.09%)
Sep 20, 2016 	3027 	3028 	3016 	3023 	0 	-3.05(-0.10%)
Sep 19, 2016 	3005 	3027 	3005 	3026 	0 	+23.20(+0.77%)
Sep 18, 2016 	3009 	3018 	2995 	3003 	0 	+0.00(+0.00%)
Sep 17, 2016 	3009 	3018 	2995 	3003 	0 	+0.00(+0.00%)
Sep 16, 2016 	3009 	3018 	2995 	3003 	0 	+0.00(+0.00%)
Sep 15, 2016 	3009 	3018 	2995 	3003 	0 	+0.00(+0.00%)
Sep 14, 2016 	3009 	3018 	2995 	3003 	0 	-20.66(-0.68%)
Sep 13, 2016 	3025 	3030 	3009 	3024 	0 	+1.53(+0.05%)
Sep 12, 2016 	3038 	3041 	3000 	3022 	0 	-56.87(-1.85%)
Sep 11, 2016 	3095 	3102 	3078 	3079 	0 	+0.00(+0.00%)
Sep 10, 2016 	3095 	3102 	3078 	3079 	0 	+0.00(+0.00%)
Sep 09, 2016 	3095 	3102 	3078 	3079 	0 	-17.10(-0.55%)
Sep 08, 2016 	3090 	3097 	3084 	3096 	0 	+4.02(+0.13%)
Sep 07, 2016 	3091 	3106 	3088 	3092 	0 	+1.22(+0.04%)
Sep 06, 2016 	3071 	3096 	3053 	3091 	0 	+18.61(+0.61%)
Sep 05, 2016 	3071 	3085 	3065 	3072 	0 	+4.75(+0.15%)
Sep 04, 2016 	3057 	3073 	3050 	3067 	0 	+0.00(+0.00%)
Sep 03, 2016 	3057 	3073 	3050 	3067 	0 	+0.00(+0.00%)
Sep 02, 2016 	3057 	3073 	3050 	3067 	0 	+4.04(+0.13%)
Sep 01, 2016 	3084 	3089 	3063 	3063 	0 	-22.18(-0.72%)
Aug 31, 2016 	3073 	3088 	3063 	3085 	0 	+10.81(+0.35%)
Aug 30, 2016 	3071 	3083 	3066 	3075 	0 	+4.65(+0.15%)
Aug 29, 2016 	3068 	3075 	3059 	3070 	0 	-0.28(-0.01%)
Aug 28, 2016 	3070 	3088 	3064 	3070 	0 	+0.00(+0.00%)
Aug 27, 2016 	3070 	3088 	3064 	3070 	0 	+0.00(+0.00%)
Aug 26, 2016 	3070 	3088 	3064 	3070 	0 	+1.98(+0.06%)
Aug 25, 2016 	3073 	3073 	3042 	3068 	0 	-17.55(-0.57%)
Aug 24, 2016 	3092 	3097 	3080 	3086 	0 	-3.83(-0.12%)
Aug 23, 2016 	3082 	3101 	3074 	3090 	0 	+4.90(+0.16%)
Aug 22, 2016 	3107 	3113 	3084 	3085 	0 	-23.29(-0.75%)
Aug 21, 2016 	3100 	3113 	3083 	3108 	0 	+0.00(+0.00%)
Aug 20, 2016 	3100 	3113 	3083 	3108 	0 	+0.00(+0.00%)
Aug 19, 2016 	3100 	3113 	3083 	3108 	0 	+3.99(+0.13%)
Aug 18, 2016 	3108 	3126 	3093 	3104 	0 	-5.44(-0.17%)
Aug 17, 2016 	3107 	3114 	3090 	3110 	0 	-0.49(-0.02%)
Aug 16, 2016 	3131 	3140 	3102 	3110 	0 	-15.16(-0.49%)
Aug 15, 2016 	3056 	3137 	3054 	3125 	0 	+74.53(+2.44%)
Aug 14, 2016 	3000 	3051 	2999 	3051 	0 	+0.00(+0.00%)
Aug 13, 2016 	3000 	3051 	2999 	3051 	0 	+0.00(+0.00%)
Aug 12, 2016 	3000 	3051 	2999 	3051 	0 	+48.03(+1.60%)
Aug 11, 2016 	3014 	3038 	3001 	3003 	0 	-16.11(-0.53%)
Aug 10, 2016 	3023 	3033 	3017 	3019 	0 	-6.93(-0.23%)
Aug 09, 2016 	3001 	3026 	2999 	3026 	0 	+21.40(+0.71%)
Aug 08, 2016 	2973 	3005 	2959 	3004 	0 	+27.58(+0.93%)
Aug 07, 2016 	2979 	2992 	2972 	2977 	0 	+0.00(+0.00%)
Aug 06, 2016 	2979 	2992 	2972 	2977 	0 	+0.00(+0.00%)
Aug 05, 2016 	2979 	2992 	2972 	2977 	0 	-5.73(-0.19%)
Aug 04, 2016 	2976 	2983 	2959 	2982 	0 	+3.97(+0.13%)
Aug 03, 2016 	2963 	2981 	2957 	2978 	0 	+7.18(+0.24%)
Aug 02, 2016 	2950 	2971 	2947 	2971 	0 	+17.89(+0.61%)
Aug 01, 2016 	2972 	2973 	2932 	2953 	0 	-25.95(-0.87%)
Jul 31, 2016 	2993 	3000 	2973 	2979 	0 	+0.00(+0.00%)
Jul 30, 2016 	2993 	3000 	2973 	2979 	0 	+0.00(+0.00%)
Jul 29, 2016 	2993 	3000 	2973 	2979 	0 	-14.98(-0.50%)
Jul 28, 2016 	2980 	3003 	2968 	2994 	0 	+2.32(+0.08%)
Jul 27, 2016 	3050 	3057 	2939 	2992 	0 	-58.17(-1.91%)
Jul 26, 2016 	3014 	3051 	3014 	3050 	0 	+34.34(+1.14%)
Jul 25, 2016 	3008 	3027 	3003 	3016 	0 	+3.01(+0.10%)
Jul 24, 2016 	3038 	3039 	3007 	3013 	0 	+0.00(+0.00%)
Jul 23, 2016 	3038 	3039 	3007 	3013 	0 	+0.00(+0.00%)
Jul 22, 2016 	3038 	3039 	3007 	3013 	0 	-26.19(-0.86%)
Jul 21, 2016 	3028 	3053 	3027 	3039 	0 	+11.11(+0.37%)
Jul 20, 2016 	3035 	3043 	3023 	3028 	0 	-8.70(-0.29%)
Jul 19, 2016 	3040 	3044 	3014 	3037 	0 	-6.96(-0.23%)
Jul 18, 2016 	3048 	3058 	3032 	3044 	0 	-10.74(-0.35%)
Jul 17, 2016 	3057 	3063 	3045 	3054 	0 	+0.00(+0.00%)
Jul 16, 2016 	3057 	3063 	3045 	3054 	0 	+0.00(+0.00%)
Jul 15, 2016 	3057 	3063 	3045 	3054 	0 	+0.28(+0.01%)
Jul 14, 2016 	3055 	3057 	3037 	3054 	0 	-6.67(-0.22%)
Jul 13, 2016 	3050 	3069 	3048 	3061 	0 	+11.31(+0.37%)
Jul 12, 2016 	2993 	3050 	2984 	3049 	0 	+54.46(+1.82%)
Jul 11, 2016 	2994 	3023 	2991 	2995 	0 	+6.83(+0.23%)
Jul 10, 2016 	3000 	3002 	2984 	2988 	0 	+0.00(+0.00%)
Jul 09, 2016 	3000 	3002 	2984 	2988 	0 	+0.00(+0.00%)
Jul 08, 2016 	3000 	3002 	2984 	2988 	0 	-28.76(-0.95%)
Jul 07, 2016 	3009 	3024 	2995 	3017 	0 	-0.44(-0.01%)
Jul 06, 2016 	2999 	3018 	2985 	3017 	0 	+10.90(+0.36%)
Jul 05, 2016 	2992 	3010 	2991 	3006 	0 	+17.79(+0.60%)
Jul 04, 2016 	2924 	2992 	2923 	2989 	0 	+56.12(+1.91%)
Jul 03, 2016 	2932 	2945 	2926 	2932 	0 	+0.00(+0.00%)
Jul 02, 2016 	2932 	2945 	2926 	2932 	0 	+0.00(+0.00%)
Jul 01, 2016 	2932 	2945 	2926 	2932 	0 	+2.87(+0.10%)
Jun 30, 2016 	2931 	2938 	2922 	2930 	0 	-1.98(-0.07%)
Jun 29, 2016 	2919 	2934 	2915 	2932 	0 	+19.03(+0.65%)
Jun 28, 2016 	2885 	2914 	2879 	2913 	0 	+16.86(+0.58%)
Jun 27, 2016 	2841 	2896 	2840 	2896 	0 	+41.41(+1.45%)
Jun 26, 2016 	2884 	2900 	2808 	2854 	0 	+0.00(+0.00%)
Jun 25, 2016 	2884 	2900 	2808 	2854 	0 	+0.00(+0.00%)
Jun 24, 2016 	2884 	2900 	2808 	2854 	0 	-37.67(-1.30%)
Jun 23, 2016 	2902 	2904 	2879 	2892 	0 	-13.59(-0.47%)
Jun 22, 2016 	2873 	2906 	2870 	2906 	0 	+26.99(+0.94%)
Jun 21, 2016 	2898 	2919 	2869 	2879 	0 	-10.25(-0.35%)
Jun 20, 2016 	2888 	2892 	2864 	2889 	0 	+3.71(+0.13%)
Jun 19, 2016 	2873 	2900 	2872 	2885 	0 	+0.00(+0.00%)
Jun 18, 2016 	2873 	2900 	2872 	2885 	0 	+0.00(+0.00%)
Jun 17, 2016 	2873 	2900 	2872 	2885 	0 	+12.28(+0.43%)
Jun 16, 2016 	2878 	2888 	2865 	2873 	0 	-14.39(-0.50%)
Jun 15, 2016 	2815 	2894 	2812 	2887 	0 	+45.02(+1.58%)
Jun 14, 2016 	2824 	2843 	2822 	2842 	0 	+9.12(+0.32%)
Jun 13, 2016 	2897 	2911 	2833 	2833 	0 	-94.09(-3.21%)
Jun 12, 2016 	2932 	2938 	2908 	2927 	0 	+0.00(+0.00%)
Jun 11, 2016 	2932 	2938 	2908 	2927 	0 	+0.00(+0.00%)
Jun 10, 2016 	2932 	2938 	2908 	2927 	0 	+0.00(+0.00%)
Jun 09, 2016 	2932 	2938 	2908 	2927 	0 	+0.00(+0.00%)
Jun 08, 2016 	2932 	2938 	2908 	2927 	0 	-8.88(-0.30%)
Jun 07, 2016 	2936 	2938 	2924 	2936 	0 	+1.94(+0.07%)
Jun 06, 2016 	2941 	2946 	2922 	2934 	0 	-4.58(-0.16%)
Jun 05, 2016 	2930 	2946 	2915 	2939 	0 	+0.00(+0.00%)
Jun 04, 2016 	2930 	2946 	2915 	2939 	0 	+0.00(+0.00%)
Jun 03, 2016 	2930 	2946 	2915 	2939 	0 	+13.45(+0.46%)
Jun 02, 2016 	2911 	2926 	2907 	2925 	0 	+11.72(+0.40%)
Jun 01, 2016 	2917 	2929 	2910 	2914 	0 	-3.11(-0.11%)
May 31, 2016 	2823 	2917 	2823 	2917 	0 	+94.17(+3.34%)
May 30, 2016 	2815 	2831 	2795 	2822 	0 	+1.40(+0.05%)
May 29, 2016 	2818 	2833 	2810 	2821 	0 	+0.00(+0.00%)
May 28, 2016 	2818 	2833 	2810 	2821 	0 	+0.00(+0.00%)
May 27, 2016 	2818 	2833 	2810 	2821 	0 	-1.39(-0.05%)
May 26, 2016 	2814 	2827 	2781 	2822 	0 	+7.35(+0.26%)
May 25, 2016 	2835 	2843 	2808 	2815 	0 	-6.58(-0.23%)
May 24, 2016 	2840 	2840 	2807 	2822 	0 	-21.97(-0.77%)
May 23, 2016 	2826 	2848 	2826 	2844 	0 	+18.16(+0.64%)
May 22, 2016 	2793 	2826 	2785 	2825 	0 	+0.00(+0.00%)
May 21, 2016 	2793 	2826 	2785 	2825 	0 	+0.00(+0.00%)
May 20, 2016 	2793 	2826 	2785 	2825 	0 	+18.57(+0.66%)
May 19, 2016 	2802 	2829 	2802 	2807 	0 	-0.60(-0.02%)
May 18, 2016 	2828 	2828 	2781 	2808 	0 	-36.17(-1.27%)
May 17, 2016 	2851 	2860 	2832 	2844 	0 	-7.18(-0.25%)
May 16, 2016 	2817 	2851 	2805 	2851 	0 	+23.75(+0.84%)
May 15, 2016 	2828 	2850 	2814 	2827 	0 	+0.00(+0.00%)
May 14, 2016 	2828 	2850 	2814 	2827 	0 	+0.00(+0.00%)
May 13, 2016 	2828 	2850 	2814 	2827 	0 	-8.75(-0.31%)
May 12, 2016 	2812 	2839 	2781 	2836 	0 	-1.18(-0.04%)
May 11, 2016 	2844 	2857 	2819 	2837 	0 	+4.45(+0.16%)
May 10, 2016 	2822 	2845 	2820 	2833 	0 	+0.48(+0.02%)
May 09, 2016 	2896 	2896 	2822 	2832 	0 	-81.14(-2.79%)
May 08, 2016 	2998 	3004 	2913 	2913 	0 	+0.00(+0.00%)
May 07, 2016 	2998 	3004 	2913 	2913 	0 	+0.00(+0.00%)
May 06, 2016 	2998 	3004 	2913 	2913 	0 	-84.59(-2.82%)
May 05, 2016 	2987 	2999 	2977 	2998 	0 	+6.57(+0.22%)
May 04, 2016 	2983 	3004 	2978 	2991 	0 	-1.37(-0.05%)
May 03, 2016 	2940 	2994 	2930 	2993 	0 	+54.32(+1.85%)
May 02, 2016 	2935 	2951 	2930 	2938 	0 	+0.00(+0.00%)
May 01, 2016 	2935 	2951 	2930 	2938 	0 	+0.00(+0.00%)
Apr 30, 2016 	2935 	2951 	2930 	2938 	0 	+0.00(+0.00%)
Apr 29, 2016 	2935 	2951 	2930 	2938 	0 	-7.27(-0.25%)
Apr 28, 2016 	2956 	2960 	2916 	2946 	0 	-8.08(-0.27%)
Apr 27, 2016 	2967 	2976 	2949 	2954 	0 	-11.03(-0.37%)
Apr 26, 2016 	2945 	2965 	2934 	2965 	0 	+18.03(+0.61%)
Apr 25, 2016 	2950 	2954 	2917 	2947 	0 	-12.57(-0.42%)
Apr 24, 2016 	2933 	2960 	2927 	2959 	0 	+0.00(+0.00%)
Apr 23, 2016 	2933 	2960 	2927 	2959 	0 	+0.00(+0.00%)
Apr 22, 2016 	2933 	2960 	2927 	2959 	0 	+6.35(+0.22%)
Apr 21, 2016 	2954 	2991 	2943 	2953 	0 	-19.69(-0.66%)
Apr 20, 2016 	3050 	3056 	2905 	2973 	0 	-70.24(-2.31%)
Apr 19, 2016 	3047 	3054 	3025 	3043 	0 	+9.16(+0.30%)
Apr 18, 2016 	3058 	3058 	3023 	3034 	0 	-44.46(-1.44%)
Apr 17, 2016 	3085 	3090 	3067 	3078 	0 	+0.00(+0.00%)
Apr 16, 2016 	3085 	3090 	3067 	3078 	0 	+0.00(+0.00%)
Apr 15, 2016 	3085 	3090 	3067 	3078 	0 	-4.24(-0.14%)
Apr 14, 2016 	3080 	3087 	3057 	3082 	0 	+15.72(+0.51%)
Apr 13, 2016 	3041 	3097 	3041 	3067 	0 	+42.99(+1.42%)
Apr 12, 2016 	3031 	3037 	3001 	3024 	0 	-10.31(-0.34%)
Apr 11, 2016 	3007 	3049 	3007 	3034 	0 	+49.00(+1.64%)
Apr 10, 2016 	2988 	2996 	2960 	2985 	0 	+0.00(+0.00%)
Apr 09, 2016 	2988 	2996 	2960 	2985 	0 	+0.00(+0.00%)
Apr 08, 2016 	2988 	2996 	2960 	2985 	0 	-23.46(-0.78%)
Apr 07, 2016 	3058 	3062 	3007 	3008 	0 	-42.17(-1.38%)
Apr 06, 2016 	3040 	3060 	3029 	3051 	0 	-2.48(-0.08%)
Apr 05, 2016 	3001 	3057 	2993 	3053 	0 	+43.54(+1.45%)
Apr 04, 2016 	2997 	3010 	2956 	3010 	0 	+0.00(+0.00%)
Apr 03, 2016 	2997 	3010 	2956 	3010 	0 	+0.00(+0.00%)
Apr 02, 2016 	2997 	3010 	2956 	3010 	0 	+0.00(+0.00%)
Apr 01, 2016 	2997 	3010 	2956 	3010 	0 	+5.61(+0.19%)
Mar 31, 2016 	3009 	3023 	2993 	3004 	0 	+3.28(+0.11%)
Mar 30, 2016 	2941 	3001 	2941 	3001 	0 	+80.81(+2.77%)
Mar 29, 2016 	2957 	2962 	2905 	2920 	0 	-37.99(-1.28%)
Mar 28, 2016 	2988 	3008 	2949 	2958 	0 	-21.61(-0.73%)
Mar 27, 2016 	2956 	2981 	2952 	2979 	0 	+0.00(+0.00%)
Mar 26, 2016 	2956 	2981 	2952 	2979 	0 	+0.00(+0.00%)
Mar 25, 2016 	2956 	2981 	2952 	2979 	0 	+18.46(+0.62%)
Mar 24, 2016 	2987 	2998 	2961 	2961 	0 	-48.99(-1.63%)
Mar 23, 2016 	2991 	3013 	2981 	3010 	0 	+10.60(+0.35%)
Mar 22, 2016 	3002 	3019 	2988 	2999 	0 	-19.44(-0.64%)
Mar 21, 2016 	2978 	3028 	2974 	3019 	0 	+63.65(+2.15%)
Mar 20, 2016 	2916 	2972 	2909 	2955 	0 	+0.00(+0.00%)
Mar 19, 2016 	2916 	2972 	2909 	2955 	0 	+0.00(+0.00%)
Mar 18, 2016 	2916 	2972 	2909 	2955 	0 	+50.32(+1.73%)
Mar 17, 2016 	2875 	2921 	2857 	2905 	0 	+34.40(+1.20%)
Mar 16, 2016 	2859 	2882 	2854 	2870 	0 	+6.06(+0.21%)
Mar 15, 2016 	2854 	2866 	2820 	2864 	0 	+4.87(+0.17%)
Mar 14, 2016 	2830 	2890 	2823 	2860 	0 	+49.19(+1.75%)
Mar 13, 2016 	2782 	2816 	2773 	2810 	0 	+0.00(+0.00%)
Mar 12, 2016 	2782 	2816 	2773 	2810 	0 	+0.00(+0.00%)
Mar 11, 2016 	2782 	2816 	2773 	2810 	0 	+5.58(+0.20%)
Mar 10, 2016 	2848 	2863 	2803 	2805 	0 	-57.83(-2.02%)
Mar 09, 2016 	2839 	2863 	2812 	2863 	0 	-38.83(-1.34%)
Mar 08, 2016 	2896 	2903 	2803 	2901 	0 	+4.05(+0.14%)
Mar 07, 2016 	2887 	2912 	2871 	2897 	0 	+23.19(+0.81%)
Mar 06, 2016 	2849 	2880 	2809 	2874 	0 	+0.00(+0.00%)
Mar 05, 2016 	2849 	2880 	2809 	2874 	0 	+0.00(+0.00%)
Mar 04, 2016 	2849 	2880 	2809 	2874 	0 	+14.39(+0.50%)
Mar 03, 2016 	2847 	2878 	2841 	2860 	0 	+10.08(+0.35%)
Mar 02, 2016 	2734 	2853 	2733 	2850 	0 	+116.51(+4.26%)
Feb 29, 2016 	2755 	2756 	2639 	2688 	0 	-79.23(-2.86%)
Feb 28, 2016 	2760 	2785 	2716 	2767 	0 	+0.00(+0.00%)
Feb 27, 2016 	2760 	2785 	2716 	2767 	0 	+0.00(+0.00%)
Feb 26, 2016 	2760 	2785 	2716 	2767 	0 	+25.96(+0.95%)
Feb 25, 2016 	2922 	2922 	2730 	2741 	0 	-187.65(-6.41%)
Feb 24, 2016 	2890 	2930 	2872 	2929 	0 	+25.57(+0.88%)
Feb 23, 2016 	2926 	2928 	2872 	2903 	0 	-23.85(-0.81%)
Feb 22, 2016 	2889 	2934 	2880 	2927 	0 	+67.16(+2.35%)
Feb 21, 2016 	2855 	2873 	2840 	2860 	0 	+0.00(+0.00%)
Feb 20, 2016 	2855 	2873 	2840 	2860 	0 	+0.00(+0.00%)
Feb 19, 2016 	2855 	2873 	2840 	2860 	0 	-2.87(-0.10%)
Feb 18, 2016 	2882 	2893 	2858 	2863 	0 	-4.45(-0.16%)
Feb 17, 2016 	2830 	2869 	2824 	2867 	0 	+30.77(+1.08%)
Feb 16, 2016 	2759 	2841 	2759 	2837 	0 	+90.37(+3.29%)
Feb 15, 2016 	2685 	2760 	2682 	2746 	0 	+0.00(+0.00%)
Feb 12, 2016 	2783 	2790 	2762 	2763 	0 	+0.00(+0.00%)
Feb 11, 2016 	2783 	2790 	2762 	2763 	0 	+0.00(+0.00%)
Feb 10, 2016 	2783 	2790 	2762 	2763 	0 	+0.00(+0.00%)
Feb 09, 2016 	2783 	2790 	2762 	2763 	0 	+0.00(+0.00%)
Feb 08, 2016 	2783 	2790 	2762 	2763 	0 	+0.00(+0.00%)
Feb 07, 2016 	2783 	2790 	2762 	2763 	0 	+0.00(+0.00%)
Feb 06, 2016 	2783 	2790 	2762 	2763 	0 	+0.00(+0.00%)
Feb 05, 2016 	2783 	2790 	2762 	2763 	0 	-17.53(-0.63%)
Feb 04, 2016 	2751 	2793 	2751 	2781 	0 	+41.77(+1.52%)
Feb 03, 2016 	2720 	2746 	2697 	2739 	0 	-10.32(-0.38%)
Feb 02, 2016 	2688 	2755 	2688 	2750 	0 	+60.72(+2.26%)
Feb 01, 2016 	2731 	2735 	2656 	2689 	0 	-48.75(-1.78%)
Jan 31, 2016 	2653 	2755 	2650 	2738 	0 	+0.00(+0.00%)
Jan 30, 2016 	2653 	2755 	2650 	2738 	0 	+0.00(+0.00%)
Jan 29, 2016 	2653 	2755 	2650 	2738 	0 	+81.94(+3.09%)
Jan 28, 2016 	2711 	2741 	2647 	2656 	0 	-79.90(-2.92%)
Jan 27, 2016 	2756 	2769 	2638 	2736 	0 	-14.23(-0.52%)
Jan 26, 2016 	2908 	2912 	2744 	2750 	0 	-188.72(-6.42%)
Jan 25, 2016 	2934 	2956 	2912 	2939 	0 	+21.95(+0.75%)
Jan 24, 2016 	2911 	2931 	2852 	2917 	0 	+0.00(+0.00%)
Jan 23, 2016 	2911 	2931 	2852 	2917 	0 	+0.00(+0.00%)
Jan 22, 2016 	2911 	2931 	2852 	2917 	0 	+36.08(+1.25%)
Jan 21, 2016 	2934 	2999 	2880 	2880 	0 	-96.21(-3.23%)
Jan 20, 2016 	2993 	3016 	2952 	2977 	0 	-31.05(-1.03%)
Jan 19, 2016 	2914 	3012 	2906 	3008 	0 	+93.90(+3.22%)
Jan 18, 2016 	2848 	2945 	2845 	2914 	0 	+12.87(+0.44%)
Jan 17, 2016 	2988 	3002 	2884 	2901 	0 	+0.00(+0.00%)
Jan 16, 2016 	2988 	3002 	2884 	2901 	0 	+0.00(+0.00%)
Jan 15, 2016 	2988 	3002 	2884 	2901 	0 	-106.68(-3.55%)
Jan 14, 2016 	2874 	3012 	2868 	3008 	0 	+58.05(+1.97%)
Jan 13, 2016 	3041 	3059 	2949 	2950 	0 	-73.26(-2.42%)
Jan 12, 2016 	3026 	3048 	2978 	3023 	0 	+6.16(+0.20%)
Jan 11, 2016 	3132 	3166 	3017 	3017 	0 	-169.71(-5.33%)
Jan 10, 2016 	3195 	3235 	3057 	3186 	0 	+0.00(+0.00%)
Jan 09, 2016 	3195 	3235 	3057 	3186 	0 	+0.00(+0.00%)
Jan 08, 2016 	3195 	3235 	3057 	3186 	0 	+61.41(+1.97%)
Jan 07, 2016 	3310 	3310 	3116 	3125 	0 	-236.84(-7.04%)
Jan 06, 2016 	3291 	3363 	3289 	3362 	0 	+74.13(+2.25%)
Jan 05, 2016 	3197 	3328 	3190 	3288 	0 	-8.55(-0.26%)
Jan 04, 2016 	3537 	3539 	3296 	3296 	0 	-242.92(-6.86%)
Jan 03, 2016 	3570 	3581 	3538 	3539 	0 	+0.00(+0.00%)
Jan 02, 2016 	3570 	3581 	3538 	3539 	0 	+0.00(+0.00%)
Jan 01, 2016 	3570 	3581 	3538 	3539 	0 	+0.00(+0.00%)
Dec 31, 2015 	3570 	3581 	3538 	3539 	0 	-33.70(-0.94%)
Dec 30, 2015 	3567 	3574 	3538 	3573 	0 	+9.14(+0.26%)
Dec 29, 2015 	3528 	3564 	3516 	3564 	0 	+29.96(+0.85%)
Dec 28, 2015 	3636 	3642 	3534 	3534 	0 	-94.13(-2.59%)
Dec 27, 2015 	3614 	3635 	3602 	3628 	0 	+0.00(+0.00%)
Dec 26, 2015 	3614 	3635 	3602 	3628 	0 	+0.00(+0.00%)
Dec 25, 2015 	3614 	3635 	3602 	3628 	0 	+15.42(+0.43%)
Dec 24, 2015 	3631 	3640 	3572 	3612 	0 	-23.60(-0.65%)
Dec 23, 2015 	3653 	3685 	3633 	3636 	0 	-15.68(-0.43%)
Dec 22, 2015 	3646 	3653 	3617 	3652 	0 	+9.30(+0.26%)
Dec 21, 2015 	3569 	3651 	3566 	3642 	0 	+63.51(+1.77%)
Dec 20, 2015 	3575 	3615 	3568 	3579 	0 	+0.00(+0.00%)
Dec 19, 2015 	3575 	3615 	3568 	3579 	0 	+0.00(+0.00%)
Dec 18, 2015 	3575 	3615 	3568 	3579 	0 	-1.04(-0.03%)
Dec 17, 2015 	3534 	3583 	3534 	3580 	0 	+63.81(+1.81%)
Dec 16, 2015 	3522 	3539 	3506 	3516 	0 	+5.84(+0.17%)
Dec 15, 2015 	3518 	3530 	3497 	3510 	0 	-10.32(-0.29%)
Dec 14, 2015 	3404 	3522 	3399 	3521 	0 	+86.09(+2.51%)
Dec 13, 2015 	3442 	3456 	3411 	3435 	0 	+0.00(+0.00%)
Dec 12, 2015 	3442 	3456 	3411 	3435 	0 	+0.00(+0.00%)
Dec 11, 2015 	3442 	3456 	3411 	3435 	0 	-20.92(-0.61%)
Dec 10, 2015 	3470 	3504 	3446 	3456 	0 	-16.94(-0.49%)
Dec 09, 2015 	3463 	3496 	3455 	3472 	0 	+2.37(+0.07%)
Dec 08, 2015 	3519 	3519 	3467 	3470 	0 	-66.86(-1.89%)
Dec 07, 2015 	3530 	3544 	3507 	3537 	0 	+11.94(+0.34%)
Dec 06, 2015 	3558 	3569 	3510 	3525 	0 	+0.00(+0.00%)
Dec 05, 2015 	3558 	3569 	3510 	3525 	0 	+0.00(+0.00%)
Dec 04, 2015 	3558 	3569 	3510 	3525 	0 	-59.83(-1.67%)
Dec 03, 2015 	3526 	3592 	3517 	3585 	0 	+47.91(+1.35%)
Dec 02, 2015 	3450 	3539 	3428 	3537 	0 	+80.60(+2.33%)
Dec 01, 2015 	3442 	3483 	3418 	3456 	0 	+10.91(+0.32%)
Nov 30, 2015 	3434 	3470 	3328 	3445 	0 	+9.10(+0.26%)
Nov 29, 2015 	3617 	3622 	3412 	3436 	0 	+0.00(+0.00%)
Nov 28, 2015 	3617 	3622 	3412 	3436 	0 	+0.00(+0.00%)
Nov 27, 2015 	3617 	3622 	3412 	3436 	0 	-199.25(-5.48%)
Nov 26, 2015 	3660 	3668 	3630 	3636 	0 	-12.38(-0.34%)
Nov 25, 2015 	3614 	3648 	3608 	3648 	0 	+31.82(+0.88%)
Nov 24, 2015 	3603 	3616 	3563 	3616 	0 	+5.80(+0.16%)
Nov 23, 2015 	3631 	3655 	3599 	3610 	0 	-20.19(-0.56%)
Nov 22, 2015 	3621 	3641 	3608 	3630 	0 	+0.00(+0.00%)
Nov 21, 2015 	3621 	3641 	3608 	3630 	0 	+0.00(+0.00%)
Nov 20, 2015 	3621 	3641 	3608 	3630 	0 	+13.44(+0.37%)
Nov 19, 2015 	3574 	3618 	3561 	3617 	0 	+48.59(+1.36%)
Nov 18, 2015 	3605 	3617 	3559 	3568 	0 	-36.33(-1.01%)
Nov 17, 2015 	3630 	3678 	3598 	3605 	0 	-2.16(-0.06%)
Nov 16, 2015 	3522 	3608 	3519 	3607 	0 	+26.12(+0.73%)
Nov 15, 2015 	3601 	3633 	3565 	3581 	0 	+0.00(+0.00%)
Nov 14, 2015 	3601 	3633 	3565 	3581 	0 	+0.00(+0.00%)
Nov 13, 2015 	3601 	3633 	3565 	3581 	0 	-52.06(-1.43%)
Nov 12, 2015 	3657 	3659 	3603 	3633 	0 	-17.35(-0.48%)
Nov 11, 2015 	3635 	3655 	3606 	3650 	0 	+9.76(+0.27%)
Nov 10, 2015 	3617 	3670 	3608 	3640 	0 	-6.39(-0.18%)
Nov 09, 2015 	3588 	3674 	3588 	3647 	0 	+56.85(+1.58%)
Nov 08, 2015 	3514 	3596 	3509 	3590 	0 	+0.00(+0.00%)
Nov 07, 2015 	3514 	3596 	3509 	3590 	0 	+0.00(+0.00%)
Nov 06, 2015 	3514 	3596 	3509 	3590 	0 	+67.21(+1.91%)
Nov 05, 2015 	3459 	3586 	3456 	3523 	0 	+63.18(+1.83%)
Nov 04, 2015 	3326 	3460 	3326 	3460 	0 	+142.94(+4.31%)
Nov 03, 2015 	3330 	3346 	3302 	3317 	0 	-8.38(-0.25%)
Nov 02, 2015 	3338 	3391 	3322 	3325 	0 	-57.48(-1.70%)
Nov 01, 2015 	3380 	3417 	3347 	3383 	0 	+0.00(+0.00%)
Oct 31, 2015 	3380 	3417 	3347 	3383 	0 	+0.00(+0.00%)
Oct 30, 2015 	3380 	3417 	3347 	3383 	0 	-4.76(-0.14%)
Oct 29, 2015 	3388 	3412 	3363 	3387 	0 	+12.12(+0.36%)
Oct 28, 2015 	3417 	3440 	3367 	3375 	0 	-59.14(-1.72%)
Oct 27, 2015 	3409 	3442 	3333 	3434 	0 	+4.76(+0.14%)
Oct 26, 2015 	3449 	3458 	3402 	3430 	0 	+17.15(+0.50%)
Oct 25, 2015 	3378 	3422 	3360 	3412 	0 	+0.00(+0.00%)
Oct 24, 2015 	3378 	3422 	3360 	3412 	0 	+0.00(+0.00%)
Oct 23, 2015 	3378 	3422 	3360 	3412 	0 	+43.69(+1.30%)
Oct 22, 2015 	3292 	3374 	3283 	3369 	0 	+48.06(+1.45%)
Oct 21, 2015 	3429 	3447 	3265 	3321 	0 	-104.65(-3.06%)
Oct 20, 2015 	3378 	3426 	3358 	3425 	0 	+38.63(+1.14%)
Oct 19, 2015 	3402 	3423 	3356 	3387 	0 	-4.65(-0.14%)
Oct 18, 2015 	3358 	3393 	3335 	3391 	0 	+0.00(+0.00%)
Oct 17, 2015 	3358 	3393 	3335 	3391 	0 	+0.00(+0.00%)
Oct 16, 2015 	3358 	3393 	3335 	3391 	0 	+53.28(+1.60%)
Oct 15, 2015 	3255 	3338 	3254 	3338 	0 	+75.63(+2.32%)
Oct 14, 2015 	3280 	3307 	3256 	3262 	0 	-30.79(-0.93%)
Oct 13, 2015 	3262 	3299 	3253 	3293 	0 	+5.57(+0.17%)
Oct 12, 2015 	3194 	3319 	3188 	3288 	0 	+104.51(+3.28%)
Oct 11, 2015 	3147 	3193 	3138 	3183 	0 	+0.00(+0.00%)
Oct 10, 2015 	3147 	3193 	3138 	3183 	0 	+0.00(+0.00%)
Oct 09, 2015 	3147 	3193 	3138 	3183 	0 	+39.79(+1.27%)
Oct 08, 2015 	3156 	3172 	3133 	3143 	0 	+90.58(+2.97%)
Oct 07, 2015 	3053 	3073 	3040 	3053 	0 	+0.00(+0.00%)
Oct 06, 2015 	3053 	3073 	3040 	3053 	0 	+0.00(+0.00%)
Oct 05, 2015 	3053 	3073 	3040 	3053 	0 	+0.00(+0.00%)
Oct 04, 2015 	3053 	3073 	3040 	3053 	0 	+0.00(+0.00%)
Oct 03, 2015 	3053 	3073 	3040 	3053 	0 	+0.00(+0.00%)
Oct 02, 2015 	3053 	3073 	3040 	3053 	0 	+0.00(+0.00%)
Oct 01, 2015 	3053 	3073 	3040 	3053 	0 	+0.00(+0.00%)
Sep 30, 2015 	3053 	3073 	3040 	3053 	0 	+14.64(+0.48%)
Sep 29, 2015 	3055 	3068 	3021 	3038 	0 	-62.62(-2.02%)
Sep 28, 2015 	3086 	3103 	3042 	3101 	0 	+8.41(+0.27%)
Sep 27, 2015 	3131 	3150 	3063 	3092 	0 	+0.00(+0.00%)
Sep 26, 2015 	3131 	3150 	3063 	3092 	0 	+0.00(+0.00%)
Sep 25, 2015 	3131 	3150 	3063 	3092 	0 	-50.34(-1.60%)
Sep 24, 2015 	3126 	3151 	3110 	3143 	0 	+26.80(+0.86%)
Sep 23, 2015 	3138 	3164 	3105 	3116 	0 	-69.73(-2.19%)
Sep 22, 2015 	3161 	3213 	3152 	3186 	0 	+29.08(+0.92%)
Sep 21, 2015 	3072 	3160 	3061 	3157 	0 	+58.62(+1.89%)
Sep 20, 2015 	3100 	3122 	3070 	3098 	0 	+0.00(+0.00%)
Sep 19, 2015 	3100 	3122 	3070 	3098 	0 	+0.00(+0.00%)
Sep 18, 2015 	3100 	3122 	3070 	3098 	0 	+11.86(+0.38%)
Sep 17, 2015 	3132 	3205 	3085 	3086 	0 	-66.20(-2.10%)
Sep 16, 2015 	2998 	3183 	2984 	3152 	0 	+147.09(+4.89%)
Sep 15, 2015 	3044 	3082 	2984 	3005 	0 	-109.63(-3.52%)
Sep 14, 2015 	3221 	3229 	3049 	3115 	0 	-85.43(-2.67%)
Sep 13, 2015 	3189 	3224 	3163 	3200 	0 	+0.00(+0.00%)
Sep 12, 2015 	3189 	3224 	3163 	3200 	0 	+0.00(+0.00%)
Sep 11, 2015 	3189 	3224 	3163 	3200 	0 	+2.34(+0.07%)
Sep 10, 2015 	3191 	3243 	3179 	3198 	0 	-45.20(-1.39%)
Sep 09, 2015 	3183 	3257 	3166 	3243 	0 	+72.64(+2.29%)
Sep 08, 2015 	3054 	3175 	3011 	3170 	0 	+90.03(+2.92%)
Sep 07, 2015 	3149 	3218 	3066 	3080 	0 	-79.75(-2.52%)
Sep 06, 2015 	3028 	3194 	3019 	3160 	0 	+0.00(+0.00%)
Sep 05, 2015 	3028 	3194 	3019 	3160 	0 	+0.00(+0.00%)
Sep 04, 2015 	3028 	3194 	3019 	3160 	0 	+0.00(+0.00%)
Sep 03, 2015 	3028 	3194 	3019 	3160 	0 	+0.00(+0.00%)
Sep 02, 2015 	3028 	3194 	3019 	3160 	0 	-6.45(-0.20%)
Sep 01, 2015 	3158 	3180 	3054 	3167 	0 	-39.37(-1.23%)
Aug 31, 2015 	3204 	3208 	3109 	3206 	0 	-26.36(-0.82%)
Aug 30, 2015 	3125 	3236 	3103 	3232 	0 	+0.00(+0.00%)
Aug 29, 2015 	3125 	3236 	3103 	3232 	0 	+0.00(+0.00%)
Aug 28, 2015 	3125 	3236 	3103 	3232 	0 	+148.76(+4.82%)
Aug 27, 2015 	2978 	3085 	2906 	3084 	0 	+156.30(+5.34%)
Aug 26, 2015 	2981 	3092 	2851 	2927 	0 	-37.68(-1.27%)
Aug 25, 2015 	3004 	3123 	2948 	2965 	0 	-244.93(-7.63%)
Aug 24, 2015 	3373 	3388 	3192 	3210 	0 	-297.84(-8.49%)
Aug 23, 2015 	3610 	3653 	3491 	3508 	0 	+0.00(+0.00%)
Aug 22, 2015 	3610 	3653 	3491 	3508 	0 	+0.00(+0.00%)
Aug 21, 2015 	3610 	3653 	3491 	3508 	0 	-156.55(-4.27%)
Aug 20, 2015 	3755 	3788 	3664 	3664 	0 	-129.82(-3.42%)
Aug 19, 2015 	3647 	3811 	3558 	3794 	0 	+45.95(+1.23%)
Aug 18, 2015 	3999 	4006 	3743 	3748 	0 	-245.51(-6.15%)
Aug 17, 2015 	3948 	3995 	3907 	3994 	0 	+28.34(+0.71%)
Aug 16, 2015 	3976 	4001 	3940 	3965 	0 	+0.00(+0.00%)
Aug 15, 2015 	3976 	4001 	3940 	3965 	0 	+0.00(+0.00%)
Aug 14, 2015 	3976 	4001 	3940 	3965 	0 	+10.77(+0.27%)
Aug 13, 2015 	3870 	3956 	3838 	3955 	0 	+68.24(+1.76%)
Aug 12, 2015 	3881 	3938 	3871 	3886 	0 	-41.59(-1.06%)
Aug 11, 2015 	3929 	3970 	3891 	3928 	0 	-0.51(-0.01%)
Aug 10, 2015 	3786 	3944 	3776 	3928 	0 	+184.22(+4.92%)
Aug 09, 2015 	3693 	3757 	3686 	3744 	0 	+0.00(+0.00%)
Aug 08, 2015 	3693 	3757 	3686 	3744 	0 	+0.00(+0.00%)
Aug 07, 2015 	3693 	3757 	3686 	3744 	0 	+82.66(+2.26%)
Aug 06, 2015 	3626 	3711 	3615 	3662 	0 	-33.03(-0.89%)
Aug 05, 2015 	3746 	3782 	3676 	3695 	0 	-61.97(-1.65%)
Aug 04, 2015 	3622 	3757 	3601 	3757 	0 	+133.63(+3.69%)
Aug 03, 2015 	3615 	3649 	3550 	3623 	0 	-40.82(-1.11%)
Aug 02, 2015 	3656 	3730 	3620 	3664 	0 	+0.00(+0.00%)
Aug 01, 2015 	3656 	3730 	3620 	3664 	0 	+0.00(+0.00%)
Jul 31, 2015 	3656 	3730 	3620 	3664 	0 	-42.04(-1.13%)
Jul 30, 2015 	3774 	3844 	3686 	3706 	0 	-83.40(-2.20%)
Jul 29, 2015 	3690 	3792 	3612 	3789 	0 	+126.17(+3.44%)
Jul 28, 2015 	3573 	3763 	3537 	3663 	0 	-62.56(-1.68%)
Jul 27, 2015 	3986 	4051 	3720 	3726 	0 	-345.35(-8.48%)
Jul 26, 2015 	4125 	4184 	4045 	4071 	0 	+0.00(+0.00%)
Jul 25, 2015 	4125 	4184 	4045 	4071 	0 	+0.00(+0.00%)
Jul 24, 2015 	4125 	4184 	4045 	4071 	0 	-53.01(-1.29%)
Jul 23, 2015 	4022 	4133 	4019 	4124 	0 	+97.88(+2.43%)
Jul 22, 2015 	3996 	4042 	3961 	4026 	0 	+8.37(+0.21%)
Jul 21, 2015 	3940 	4042 	3913 	4018 	0 	+25.56(+0.64%)
Jul 20, 2015 	3948 	4021 	3927 	3992 	0 	+34.76(+0.88%)
Jul 19, 2015 	3831 	3994 	3814 	3957 	0 	+0.00(+0.00%)
Jul 18, 2015 	3831 	3994 	3814 	3957 	0 	+0.00(+0.00%)
Jul 17, 2015 	3831 	3994 	3814 	3957 	0 	+134.17(+3.51%)
Jul 16, 2015 	3758 	3878 	3688 	3823 	0 	+17.48(+0.46%)
Jul 15, 2015 	3875 	3914 	3741 	3806 	0 	-118.79(-3.03%)
Jul 14, 2015 	3958 	4035 	3856 	3924 	0 	-45.90(-1.16%)
Jul 13, 2015 	3919 	4030 	3859 	3970 	0 	+92.59(+2.39%)
Jul 12, 2015 	3707 	3959 	3677 	3878 	0 	+0.00(+0.00%)
Jul 11, 2015 	3707 	3959 	3677 	3878 	0 	+0.00(+0.00%)
Jul 10, 2015 	3707 	3959 	3677 	3878 	0 	+168.47(+4.54%)
Jul 09, 2015 	3432 	3748 	3374 	3709 	0 	+202.14(+5.76%)
Jul 08, 2015 	3467 	3599 	3422 	3507 	0 	-219.93(-5.90%)
Jul 07, 2015 	3655 	3751 	3585 	3727 	0 	-48.79(-1.29%)
Jul 06, 2015 	3975 	3975 	3653 	3776 	0 	+88.99(+2.41%)
Jul 05, 2015 	3794 	3927 	3630 	3687 	0 	+0.00(+0.00%)
Jul 04, 2015 	3794 	3927 	3630 	3687 	0 	+0.00(+0.00%)
Jul 03, 2015 	3794 	3927 	3630 	3687 	0 	-225.85(-5.77%)
Jul 02, 2015 	4059 	4080 	3795 	3913 	0 	-140.93(-3.48%)
Jul 01, 2015 	4214 	4317 	4043 	4054 	0 	-223.52(-5.23%)
Jun 30, 2015 	4007 	4280 	3848 	4277 	0 	+224.19(+5.53%)
Jun 29, 2015 	4290 	4297 	3875 	4053 	0 	-139.84(-3.34%)
Jun 28, 2015 	4400 	4457 	4140 	4193 	0 	+0.00(+0.00%)
Jun 27, 2015 	4400 	4457 	4140 	4193 	0 	+0.00(+0.00%)
Jun 26, 2015 	4400 	4457 	4140 	4193 	0 	-334.91(-7.40%)
Jun 25, 2015 	4712 	4721 	4484 	4528 	0 	-162.37(-3.46%)
Jun 24, 2015 	4605 	4692 	4552 	4690 	0 	+113.66(+2.48%)
Jun 23, 2015 	4472 	4578 	4265 	4576 	0 	+98.13(+2.19%)
Jun 22, 2015 	4690 	4744 	4476 	4478 	0 	+0.00(+0.00%)
Jun 21, 2015 	4690 	4744 	4476 	4478 	0 	+0.00(+0.00%)
Jun 20, 2015 	4690 	4744 	4476 	4478 	0 	+0.00(+0.00%)
Jun 19, 2015 	4690 	4744 	4476 	4478 	0 	-307.00(-6.42%)
Jun 18, 2015 	4943 	4967 	4781 	4785 	0 	-182.54(-3.67%)
Jun 17, 2015 	4891 	4984 	4767 	4968 	0 	+80.47(+1.65%)
Jun 16, 2015 	5004 	5030 	4842 	4887 	0 	-175.56(-3.47%)
Jun 15, 2015 	5174 	5177 	5049 	5063 	0 	-103.36(-2.00%)
Jun 14, 2015 	5143 	5178 	5103 	5166 	0 	+0.00(+0.00%)
Jun 13, 2015 	5143 	5178 	5103 	5166 	0 	+0.00(+0.00%)
Jun 12, 2015 	5143 	5178 	5103 	5166 	0 	+44.76(+0.87%)
Jun 11, 2015 	5101 	5122 	5051 	5122 	0 	+15.55(+0.30%)
Jun 10, 2015 	5049 	5164 	5001 	5106 	0 	-7.49(-0.15%)
Jun 09, 2015 	5146 	5147 	5043 	5114 	0 	-18.35(-0.36%)
Jun 08, 2015 	5046 	5147 	4997 	5132 	0 	+108.78(+2.17%)
Jun 07, 2015 	5016 	5052 	4898 	5023 	0 	+0.00(+0.00%)
Jun 06, 2015 	5016 	5052 	4898 	5023 	0 	+0.00(+0.00%)
Jun 05, 2015 	5016 	5052 	4898 	5023 	0 	+76.00(+1.54%)
Jun 04, 2015 	4913 	4948 	4647 	4947 	0 	+37.12(+0.76%)
Jun 03, 2015 	4924 	4942 	4822 	4910 	0 	-0.55(-0.01%)
Jun 02, 2015 	4845 	4912 	4798 	4911 	0 	+81.79(+1.69%)
Jun 01, 2015 	4633 	4830 	4615 	4829 	0 	+217.00(+4.71%)
May 31, 2015 	4603 	4698 	4432 	4612 	0 	+0.00(+0.00%)
May 30, 2015 	4603 	4698 	4432 	4612 	0 	+0.00(+0.00%)
May 29, 2015 	4603 	4698 	4432 	4612 	0 	-8.53(-0.18%)
May 28, 2015 	4944 	4986 	4614 	4620 	0 	-321.44(-6.50%)
May 27, 2015 	4933 	4958 	4857 	4942 	0 	+30.81(+0.63%)
May 26, 2015 	4855 	4912 	4779 	4911 	0 	+97.10(+2.02%)
May 25, 2015 	4660 	4815 	4657 	4814 	0 	+156.20(+3.35%)
May 24, 2015 	4585 	4658 	4563 	4658 	0 	+0.00(+0.00%)
May 23, 2015 	4585 	4658 	4563 	4658 	0 	+0.00(+0.00%)
May 22, 2015 	4585 	4658 	4563 	4658 	0 	+128.18(+2.83%)
May 21, 2015 	4456 	4530 	4438 	4529 	0 	+83.13(+1.87%)
May 20, 2015 	4435 	4521 	4432 	4446 	0 	+28.74(+0.65%)
May 19, 2015 	4286 	4418 	4286 	4418 	0 	+134.06(+3.13%)
May 18, 2015 	4278 	4325 	4261 	4283 	0 	-25.20(-0.58%)
May 17, 2015 	4367 	4367 	4279 	4309 	0 	+0.00(+0.00%)
May 16, 2015 	4367 	4367 	4279 	4309 	0 	+0.00(+0.00%)
May 15, 2015 	4367 	4367 	4279 	4309 	0 	-69.62(-1.59%)
May 14, 2015 	4373 	4398 	4329 	4378 	0 	+2.55(+0.06%)
May 13, 2015 	4402 	4416 	4342 	4376 	0 	-25.46(-0.58%)
May 12, 2015 	4342 	4402 	4318 	4401 	0 	+67.64(+1.56%)
May 11, 2015 	4231 	4335 	4188 	4334 	0 	+127.66(+3.04%)
May 10, 2015 	4153 	4207 	4099 	4206 	0 	+0.00(+0.00%)
May 09, 2015 	4153 	4207 	4099 	4206 	0 	+0.00(+0.00%)
May 08, 2015 	4153 	4207 	4099 	4206 	0 	+93.71(+2.28%)
May 07, 2015 	4198 	4214 	4108 	4112 	0 	-117.06(-2.77%)
May 06, 2015 	4312 	4376 	4187 	4229 	0 	-69.44(-1.62%)
May 05, 2015 	4480 	4489 	4282 	4299 	0 	-181.75(-4.06%)
May 04, 2015 	4441 	4488 	4387 	4480 	0 	+38.80(+0.87%)
May 03, 2015 	4483 	4507 	4441 	4442 	0 	+0.00(+0.00%)
May 02, 2015 	4483 	4507 	4441 	4442 	0 	+0.00(+0.00%)
May 01, 2015 	4483 	4507 	4441 	4442 	0 	+0.00(+0.00%)
Apr 30, 2015 	4483 	4507 	4441 	4442 	0 	-34.96(-0.78%)
Apr 29, 2015 	4446 	4500 	4399 	4477 	519,800 	+0.41(+0.01%)
Apr 28, 2015 	4528 	4572 	4433 	4476 	767,700 	-51.18(-1.13%)
Apr 27, 2015 	4442 	4530 	4442 	4527 	671,100 	+133.71(+3.04%)
Apr 24, 2015 	4356 	4416 	4318 	4394 	628,600 	-20.82(-0.47%)
Apr 23, 2015 	4414 	4444 	4359 	4415 	667,300 	+16.01(+0.36%)
Apr 22, 2015 	4305 	4400 	4298 	4398 	680,300 	+104.87(+2.44%)
Apr 21, 2015 	4212 	4294 	4189 	4294 	634,500 	+76.55(+1.82%)
Apr 20, 2015 	4301 	4356 	4191 	4217 	857,100 	-70.22(-1.64%)
Apr 17, 2015 	4255 	4317 	4239 	4287 	701,700 	+92.47(+2.20%)
Apr 16, 2015 	4056 	4195 	4031 	4195 	551,200 	+110.66(+2.71%)
Apr 15, 2015 	4136 	4175 	4069 	4084 	613,000 	-51.40(-1.24%)
Apr 14, 2015 	4126 	4168 	4091 	4136 	610,700 	+13.85(+0.34%)
Apr 13, 2015 	4073 	4128 	4057 	4122 	589,800 	+87.40(+2.17%)
Apr 10, 2015 	3947 	4040 	3929 	4034 	484,300 	+76.78(+1.94%)
Apr 09, 2015 	4006 	4016 	3900 	3958 	585,200 	-37.28(-0.93%)
Apr 08, 2015 	3977 	4000 	3904 	3995 	618,100 	+33.43(+0.84%)
Apr 07, 2015 	3899 	3962 	3892 	3961 	570,400 	+97.45(+2.52%)
Apr 03, 2015 	3803 	3864 	3792 	3864 	473,000 	+38.15(+1.00%)
Apr 02, 2015 	3828 	3835 	3776 	3826 	479,300 	+15.49(+0.41%)
Apr 01, 2015 	3748 	3817 	3742 	3810 	447,500 	+62.40(+1.66%)
Mar 31, 2015 	3823 	3836 	3737 	3748 	561,700 	-38.67(-1.02%)
Mar 30, 2015 	3711 	3796 	3711 	3787 	564,700 	+95.47(+2.59%)
Mar 27, 2015 	3686 	3710 	3657 	3691 	408,900 	+9.00(+0.24%)
Mar 26, 2015 	3642 	3707 	3615 	3682 	488,600 	+21.37(+0.58%)
Mar 25, 2015 	3681 	3693 	3635 	3661 	521,900 	-30.68(-0.83%)
Mar 24, 2015 	3693 	3716 	3601 	3691 	639,600 	+3.68(+0.10%)
Mar 23, 2015 	3640 	3688 	3635 	3688 	536,100 	+70.41(+1.95%)
Mar 20, 2015 	3587 	3632 	3569 	3617 	516,700 	+35.05(+0.98%)
Mar 19, 2015 	3576 	3601 	3547 	3582 	537,300 	+4.97(+0.14%)
Mar 18, 2015 	3511 	3578 	3504 	3577 	545,200 	+74.45(+2.13%)
Mar 17, 2015 	3470 	3504 	3460 	3503 	520,900 	+53.54(+1.55%)
Mar 16, 2015 	3391 	3449 	3377 	3449 	399,100 	+76.39(+2.26%)
Mar 13, 2015 	3359 	3391 	3352 	3373 	328,400 	+23.59(+0.70%)
Mar 12, 2015 	3315 	3360 	3300 	3349 	357,300 	+58.42(+1.78%)
Mar 11, 2015 	3290 	3325 	3278 	3291 	283,000 	+4.83(+0.15%)
Mar 10, 2015 	3289 	3310 	3277 	3286 	285,800 	-16.34(-0.49%)
Mar 09, 2015 	3224 	3308 	3198 	3302 	321,500 	+61.22(+1.89%)
Mar 07, 2015 	3248 	3267 	3235 	3241 	282,900 	-7.29(-0.22%)
Mar 06, 2015 	3264 	3267 	3222 	3248 	320,700 	-31.06(-0.95%)
Mar 05, 2015 	3264 	3287 	3250 	3280 	293,600 	+16.48(+0.51%)
Mar 04, 2015 	3318 	3318 	3260 	3263 	382,000 	-73.23(-2.20%)
